0.005 0.0
0.015 0.0
0.025 0.0
0.035 0.0
0.045 0.0
0.055 0.0
0.065 0.0
0.075 0.0
0.085 0.0
0.095 0.0
0.105 0.0
0.115 0.0
0.125 0.0
0.135 0.0
0.145 0.0
0.155 0.0
0.165 0.0
0.17500000000000002 0.0
0.185 0.0
0.195 0.0
0.20500000000000002 0.0
0.215 0.0
0.225 0.0
0.23500000000000001 0.0
0.245 0.0
0.255 0.0
0.265 0.0
0.275 0.0
0.28500000000000003 0.0
0.295 0.0
0.305 0.0
0.315 0.0
0.325 0.0
0.335 0.0
0.34500000000000003 0.0
0.355 0.0
0.365 0.0
0.375 0.0
0.385 0.0
0.395 0.0
0.405 0.0
0.41500000000000004 0.0
0.425 0.0
0.435 0.0
0.445 0.0
0.455 0.0
0.465 0.0
0.47500000000000003 0.0
0.485 0.0
0.495 0.0
0.505 0.0
0.515 0.0
0.525 0.0
0.535 0.0
0.545 0.0
0.555 0.0
0.5650000000000001 0.0
0.5750000000000001 0.0
0.585 0.0
0.595 0.0
0.605 0.0
0.615 0.0
0.625 0.0
0.635 0.0
0.645 0.0
0.655 0.0
0.665 0.0
0.675 0.0
0.685 0.0
0.6950000000000001 0.0
0.705 0.0
0.715 0.0
0.725 0.0
0.735 0.0
0.745 0.0
0.755 0.0
0.765 0.0
0.775 0.0
0.785 0.0
0.795 0.0
0.805 0.0
0.8150000000000001 0.0
0.8250000000000001 0.0
0.835 0.0
0.845 0.0
0.855 0.0
0.865 0.0
0.875 0.0
0.885 0.0
0.895 0.0
0.905 0.0
0.915 0.0
0.925 0.0
0.935 0.0
0.9450000000000001 0.0
0.9550000000000001 0.0
0.965 0.0
0.975 0.0
0.985 0.0
0.995 0.0
1.0050000000000001 0.0
1.0150000000000001 0.0
1.025 0.0
1.035 0.0
1.045 0.0
1.055 0.0
1.065 0.0
1.075 0.0
1.085 0.0
1.095 0.0
1.105 0.0
1.115 0.0
1.125 0.0
1.135 0.0
1.145 0.0
1.155 0.0
1.165 0.0
1.175 0.0
1.185 0.0
1.195 0.0
1.205 0.0
1.215 0.0
1.225 0.0
1.235 0.0
1.245 0.0
1.2550000000000001 0.0
1.2650000000000001 0.0
1.2750000000000001 0.0
1.285 0.0
1.295 0.0
1.305 0.0
1.315 0.0
1.325 0.0
1.335 0.0
1.345 0.0
1.355 0.0
1.365 0.0
1.375 0.0
1.385 0.0
1.395 0.0
1.405 0.0
1.415 0.0
1.425 0.0
1.435 0.0
1.445 0.0
1.455 0.0
1.465 0.0
1.475 0.0
1.485 0.0
1.495 0.0
1.5050000000000001 0.0
1.5150000000000001 0.0
1.5250000000000001 0.0
1.5350000000000001 0.0
1.545 0.0
1.555 0.0
1.565 0.0
1.575 0.0
1.585 0.0
1.595 0.0
1.605 0.0
1.615 0.0
1.625 0.0
1.635 0.0
1.645 0.0
1.655 0.0
1.665 0.0
1.675 0.0
1.685 0.0
1.695 0.0
1.705 0.0
1.715 0.0
1.725 0.0
1.735 0.0
1.745 0.0
1.7550000000000001 0.0
1.7650000000000001 0.0
1.7750000000000001 0.0
1.7850000000000001 0.0
1.795 0.0
1.805 0.0
1.815 0.0
1.825 0.0
1.835 0.0
1.845 0.0
1.855 0.0
1.865 0.0
1.875 0.0
1.885 0.0
1.895 0.0
1.905 0.0
1.915 0.0
1.925 0.0
1.935 0.0
1.945 0.0
1.955 0.0
1.965 0.0
1.975 0.0
1.985 0.0
1.995 0.0
2.005 0.0
2.015 0.0
2.025 0.0
2.035 0.0
2.045 0.0
2.055 0.0
2.065 0.0
2.075 0.0
2.085 0.0
2.095 0.0
2.105 0.0
2.115 0.0
2.125 0.0
2.1350000000000002 0.0
2.145 0.0
2.1550000000000002 0.0
2.165 0.0
2.1750000000000003 0.0
2.185 0.0
2.195 0.0
2.205 0.0
2.215 0.0
2.225 0.0
2.235 0.0
2.245 0.0
2.255 0.0
2.265 0.0
2.275 0.0
2.285 0.0
2.295 0.0
2.305 0.0
2.315 0.0
2.325 0.0
2.335 0.0
2.345 0.0
2.355 0.0
2.365 0.0
2.375 0.0
2.3850000000000002 0.0
2.395 0.0
2.4050000000000002 0.0
2.415 0.0
2.4250000000000003 0.0
2.435 0.0
2.445 0.0
2.455 0.04024476140886161
2.465 0.07983778936619426
2.475 0.0791939397297453
2.485 0.03927892363094348
2.495 0.15585877569807252
2.505 0.27057953947487495
2.515 0.42182186220309975
2.525 0.6467531300768226
2.535 0.6039158702690671
2.545 1.1234611867209368
2.555 1.560557867423612
2.565 1.8433494163700956
2.575 2.0485471527882075
2.585 2.6498065792480903
2.595 2.665443053332228
2.605 4.289218869205619
2.615 4.9658897167088245
2.625 5.702546354838335
2.6350000000000002 5.344937372741611
2.645 6.44872748485179
2.6550000000000002 8.223965639110558
2.665 8.469732514487228
2.6750000000000003 9.016676919611129
2.685 10.83377321093518
2.695 11.588424292967314
2.705 12.596837110382232
2.715 13.261047715689363
2.725 14.241834644957851
2.735 14.656701399261925
2.745 16.578109412810907
2.755 16.585807673641145
2.765 17.73511519290715
2.775 18.835956964355635
2.785 18.85729507761023
2.795 18.722600687503274
2.805 17.75698560731504
2.815 20.23285433257317
2.825 20.515370541565165
2.835 18.982657814075715
2.845 19.718499121798324
2.855 20.413825448704138
2.865 18.823600159990928
2.875 19.455855986150546
2.8850000000000002 20.51604012378514
2.895 19.911492782939632
2.9050000000000002 19.286026904624034
2.915 20.467017550830587
2.9250000000000003 19.079889307165228
2.935 20.048242773508477
2.945 17.81481707129492
2.955 19.222225156140123
2.965 17.382157982048476
2.975 17.786205187796416
2.985 17.912234529040482
2.995 15.981089156349322
3.005 15.767458558080046
3.015 15.476256282224748
3.025 14.499369692583974
3.035 16.010273316636727
3.045 14.989687817742007
3.055 14.527869879030545
3.065 13.684454094894306
3.075 13.929071158350295
3.085 12.360725785933509
3.095 13.065949265689563
3.105 12.453590036245611
3.115 12.873709488161444
3.125 12.369207617320239
3.1350000000000002 11.747472703559891
3.145 11.72193156541346
3.1550000000000002 11.209124459917172
3.165 10.944693281592079
3.1750000000000003 10.250256453700375
3.185 10.879404316966525
3.1950000000000003 9.908477462115489
3.205 9.539769809481076
3.215 9.457050146263326
3.225 9.305207460071411
3.235 8.575624545355405
3.245 8.177330625923098
3.255 8.836859044859779
3.265 7.463114134687477
3.275 7.892515278753334
3.285 7.979399704265039
3.295 7.66294836649225
3.305 7.683264606180185
3.315 6.974814122340604
3.325 7.371716098015897
3.335 7.109491651742248
3.345 6.871944525937448
3.355 7.1758245795516675
3.365 6.833342308222088
3.375 6.239254468272611
3.3850000000000002 5.736732234554764
3.395 5.997606095195642
3.4050000000000002 6.276241706306725
3.415 5.241212460405355
3.4250000000000003 5.706904069422077
3.435 5.180357141522363
3.4450000000000003 5.620395621998237
3.455 4.815760606510582
3.465 4.747599040076366
3.475 4.780573391908403
3.485 4.773148965625378
3.495 5.043732097865247
3.505 4.402926891493422
3.515 4.024536401025805
3.525 5.172973938554234
3.535 4.017946687682449
3.545 4.284825676788501
3.555 4.279946270086318
3.565 4.599500176455774
3.575 4.232192741587718
3.585 4.057633418695027
3.595 3.922483876332329
3.605 4.162047159997005
3.615 4.027687842162285
3.625 4.153164864953199
3.6350000000000002 3.396061720177171
3.645 4.071200355227139
3.6550000000000002 3.6313483535973416
3.665 3.5212700624221145
3.6750000000000003 4.0050031191596815
3.685 3.501013382687658
3.6950000000000003 3.375494470016574
3.705 3.5339976615961386
3.715 3.831347514862912
3.725 3.286381557018111
3.735 3.5470037376673047
3.745 3.579970053321874
3.755 3.3544971128769316
3.765 3.0800320745281007
3.775 3.2509639361610705
3.785 2.8951898031390435
3.795 3.4020485582585516
3.805 3.2501627469867556
3.815 3.0331578006577162
3.825 3.050476243083531
3.835 3.0510807101563993
3.845 3.133670899514726
3.855 3.1337559446937675
3.865 3.1500354519587312
3.875 3.3599485768395057
3.8850000000000002 3.037333418537426
3.895 2.7979235036551677
3.9050000000000002 3.0699262732148935
3.915 3.3391170011669953
3.9250000000000003 3.259145420625842
3.935 2.866647765539741
3.9450000000000003 2.9144748320342013
3.955 2.9772888575414735
3.9650000000000003 3.116575888087101
3.975 2.686436033454563
3.985 3.207564260328941
3.995 3.130735492094085
4.005 3.024389207461169
4.015 2.9341089629473447
4.025 3.1291562079165924
4.035 2.7412173568709455
4.045 2.7573292097929976
4.055 2.8765082542435647
4.065 2.833015434168078
4.075 2.9213763020572645
4.085 3.110587232936322
4.095 2.7771935702490462
4.105 3.094745019288667
4.115 2.965127707260555
4.125 2.8082195478163325
4.135 2.964885984352092
4.1450000000000005 2.809420495593876
4.155 2.880212597664502
4.165 2.61471487058123
4.175 2.630035359039264
4.1850000000000005 2.852916360122657
4.195 2.8117647487880193
4.205 3.333396837635166
4.215 2.921671351817007
4.225 3.193207814191474
4.235 2.840044951688243
4.245 3.163189589823018
4.255 2.8937924074541486
4.265 3.0935893598262636
4.275 3.1587661204869493
4.285 3.395034751950415
4.295 3.1820117856956753
4.305 2.984016983300593
4.315 3.178637350703396
4.325 3.3195598155012465
4.335 3.510778727712986
4.345 3.5203331069154027
4.355 3.2100379174867757
4.365 3.513608317060769
4.375 3.7256665021510513
4.385 3.0779629874886427
4.3950000000000005 3.202102168233126
4.405 3.5875902506748143
4.415 3.8077881273394625
4.425 3.5056830679508844
4.4350000000000005 3.600877685604641
4.445 4.051195266030693
4.455 3.6175043529745095
4.465 3.7594847012645327
4.4750000000000005 3.7669259193390614
4.485 3.6536799692348807
4.495 3.865531804354805
4.505 3.9440019531580344
4.515 3.759969709137369
4.525 4.193521448265468
4.535 4.045314691231015
4.545 4.438505883915152
4.555 4.419038784120739
4.565 4.015598728853963
4.575 4.438429793655606
4.585 4.407552166273755
4.595 4.399876855365426
4.605 4.518045562919356
4.615 4.646538424125719
4.625 4.5811094953702485
4.635 4.990402492724042
4.6450000000000005 4.586712396130661
4.655 4.3655404817136585
4.665 4.70350856185304
4.675 4.827683734426265
4.6850000000000005 4.751842643998171
4.695 5.006716373834641
4.705 4.9525853221888525
4.715 4.997063537087868
4.7250000000000005 5.38878478300491
4.735 5.06312530167812
4.745 5.461957486826617
4.755 5.192268106146432
4.765 5.394837394792046
4.775 5.606304148768651
4.785 5.5828958147940995
4.795 5.686228859268177
4.805 5.326402344698855
4.815 5.796021344281476
4.825 5.969978699134838
4.835 5.800048787209827
4.845 6.096453212141631
4.855 5.742070591933519
4.865 6.077175826632629
4.875 5.929795148893984
4.885 6.393435793356322
4.8950000000000005 5.932053007295581
4.905 5.917971615432423
4.915 5.893914853442647
4.925 5.980004565191592
4.9350000000000005 6.274498752046681
4.945 6.338420809016824
4.955 6.332621263979084
4.965 6.1300263960097565
4.9750000000000005 5.713407345296155
4.985 6.852035299036293
4.995 6.270490798326173
5.005 6.545628276271192
5.015 6.10484499994958
5.025 6.42638577561787
5.035 7.128040040849737
5.045 6.451773847539635
5.055 6.293380894153377
5.065 6.504925817190886
5.075 6.5734920094609635
5.085 7.035454510244586
5.095 6.288390436444968
5.105 6.859442288815621
5.115 6.304206765303692
5.125 6.713662172694621
5.135 6.328785194694008
5.1450000000000005 6.6249156453226155
5.155 6.389303453582499
5.165 6.773738641747991
5.175 6.5573848538441215
5.1850000000000005 6.45993750667996
5.195 6.767631274834716
5.205 6.6342152321869525
5.215 6.296640419444322
5.2250000000000005 6.867832936830922
5.235 6.806216917048916
5.245 6.665667240987045
5.255 6.657889520036855
5.265 6.553870964010946
5.275 6.581347826882406
5.285 6.495677211070933
5.295 6.981591386825076
5.305 6.524360126080852
5.315 6.946320317924929
5.325 6.774835899318467
5.335 6.732417915819852
5.345 6.8346028763702344
5.355 6.707598534888821
5.365 6.74160587017445
5.375 6.674565766185634
5.385 7.0011094694469165
5.3950000000000005 7.066848489285585
5.405 6.990906946994913
5.415 6.617681968379105
5.425 6.832314872798141
5.4350000000000005 6.749716756686694
5.445 7.101282425506449
5.455 7.116026597185749
5.465 6.578358167729135
5.4750000000000005 6.9184801206408615
5.485 6.772341543284319
5.495 6.699516910564205
5.505 7.075391074427107
5.515 7.097604647711653
5.525 6.769987423622297
5.535 7.410600998133468
5.545 6.965790927418806
5.555 6.649899312672507
5.565 6.547700012013585
5.575 6.547643892635226
5.585 6.5630985581907
5.595 6.702375577970946
5.605 7.010475080164702
5.615 6.623941158495028
5.625 7.08336716069779
5.635 6.561727028144031
5.6450000000000005 6.416711579986747
5.655 6.4243771545813955
5.665 6.787179669097104
5.675 6.160761692902729
5.6850000000000005 5.973996559177368
5.695 5.990428626403823
5.705 6.36442850813197
5.715 6.238205197682865
5.7250000000000005 5.853806215880393
5.735 6.747875947889587
5.745 6.327554961757465
5.755 6.063906859615556
5.765 6.013695443089715
5.775 6.1092535636823095
5.785 6.225858982067392
5.795 5.771022152245366
5.805 5.952698747074068
5.815 6.298076349876154
5.825 5.933337830152709
5.835 5.898769963316488
5.845 5.679809901522315
5.855 5.9858993356022525
5.865 5.887938807425534
5.875 5.418155708167354
5.885 5.511815146590443
5.8950000000000005 5.800243835709636
5.905 5.690184475116911
5.915 5.220334420067992
5.925 5.4929199077286315
5.9350000000000005 5.260957091183039
5.945 5.394257525817811
5.955 4.986282098569624
5.965 5.392230346223961
5.9750000000000005 5.421755405803098
5.985 5.065078000807106
5.995 4.852475655388057
6.005 4.937224625824626
6.015000000000001 5.209098933682168
6.025 4.971319594049925
6.035 4.908239995631702
6.045 4.911927643847867
6.055 4.8295583428006585
6.065 4.912556003204061
6.075 4.686081285499117
6.085 4.454516790314096
6.095 4.472558240853206
6.105 4.763789883592816
6.115 4.767681882726444
6.125 4.571093257525636
6.135 4.5562037161273246
6.1450000000000005 4.586351032360445
6.155 4.411395158965135
6.165 4.601314920954208
6.175 4.6436747315335225
6.1850000000000005 4.749143206606531
6.195 4.474695553280295
6.205 4.340587412666768
6.215 4.590372907856598
6.2250000000000005 4.21884958795162
6.235 4.0243862485181054
6.245 4.017727616124363
6.255 4.190877107023673
6.265000000000001 4.0971723760706045
6.275 4.151884798581785
6.285 4.267633340387537
6.295 4.101060658015053
6.305 4.069757305941502
6.315 4.215017523475244
6.325 4.031934289370861
6.335 3.795589753374899
6.345 3.958357155204948
6.355 4.066028512168216
6.365 4.041288154973924
6.375 3.951031322079816
6.385 3.8434707158376726
6.3950000000000005 3.760287250297172
6.405 3.8017676158348435
6.415 3.913700794355354
6.425 3.7546326887002537
6.4350000000000005 3.8249780020709476
6.445 3.8948689877392537
6.455 3.8245975273010457
6.465 3.8011683577460285
6.4750000000000005 3.8010071640333636
6.485 3.78929374600176
6.495 3.7891340379087137
6.505 3.926529228179632
6.515000000000001 3.7944785700985517
6.525 3.6917037207535763
6.535 3.674734464327328
6.545 3.5615923481758807
6.555 3.951532099109731
6.565 3.5680642284679394
6.575 3.8040923036490923
6.585 4.128170919596059
6.595 3.624904956935566
6.605 3.802973728749593
6.615 3.858001660905076
6.625 3.7358359644283765
6.635 3.8678366647902607
6.6450000000000005 3.8287382410580855
6.655 3.811763865056181
6.665 3.7238907908551866
6.675 3.7780682541735864
6.6850000000000005 3.7559183338921622
6.695 3.6797695362476652
6.705 3.787498047898057
6.715 3.986016059535279
6.7250000000000005 3.9044482620925316
6.735 3.9677251086174405
6.745 3.758703599399498
6.755 3.9814748990381013
6.765000000000001 3.863712453970745
6.775 3.841746314724814
6.785 4.341505739609812
6.795 3.934737529260631
6.805 3.839375487684613
6.815 3.707998082373714
6.825 3.952294856674508
6.835 3.7797860205128906
6.845 4.125953124926927
6.855 3.891968360306703
6.865 4.055627021464794
6.875 3.941201948925071
6.885 4.10885230103395
6.8950000000000005 4.255106005234423
6.905 4.095259147349507
6.915 4.36748736539128
6.925 4.132333614274768
6.9350000000000005 3.9943408874642086
6.945 4.103538704082914
6.955 4.101775725829241
6.965 3.8200055410496967
6.9750000000000005 4.227857143841883
6.985 4.2803886795233925
6.995 4.382174867859857
7.005 4.226323261521137
7.015000000000001 4.362152022757807
7.025 4.428381327860822
7.035 4.1413447257375315
7.045 4.40816071790874
7.055 4.4151660255913345
7.065 4.2763300571486935
7.075 4.385393503737027
7.085 4.426175631505246
7.095 4.688359646099843
7.105 4.593488214830229
7.115 4.863278184143436
7.125 4.582070309598352
7.135 4.345299971942307
7.1450000000000005 4.660981945224015
7.155 4.448967116764904
7.165 4.549951607286391
7.175 4.428910691847
7.1850000000000005 4.717295131626346
7.195 4.671393394271296
7.205 4.8453334137918835
7.215 5.0835249641007545
7.2250000000000005 4.739552627522222
7.235 4.907177535330094
7.245 4.833567484006325
7.255 4.7603443513958075
7.265000000000001 5.1470651713107705
7.275 4.637964276767337
7.285 4.776063149764858
7.295 5.036450477561941
7.305 4.959035218894979
7.315 4.886557153933641
7.325 4.927471520577585
7.335 4.7878128228342804
7.345 5.125475175527643
7.355 4.855969899315479
7.365 5.1066193349594045
7.375 4.9010205893615995
7.385 5.030075337249904
7.3950000000000005 5.42454085710155
7.405 5.095833596940553
7.415 4.923282635838822
7.425 5.178409987641359
7.4350000000000005 5.1513260143410395
7.445 5.089360275924505
7.455 5.2110101191599885
7.465 5.092594809903608
7.4750000000000005 4.866268908668301
7.485 5.368475328867382
7.495 4.926690224997081
7.505 5.072905631601944
7.515000000000001 5.0207596037137945
7.525 5.2901359811403
7.535 5.2675595007978915
7.545 5.142824080066686
7.555 5.1717143317562675
7.565 5.0817606447999895
7.575 5.017626518529791
7.585 4.995972827285127
7.595 5.075333691416066
7.605 5.246525170540815
7.615 5.471177650447574
7.625 5.398429926687014
7.635 5.34684917020146
7.6450000000000005 5.266468987298804
7.655 5.492795388328203
7.665 5.651868107668335
7.675 5.060669826833302
7.6850000000000005 5.13375523210437
7.695 5.288370613018872
7.705 5.172509643541526
7.715 5.142808863466405
7.7250000000000005 5.096986109960219
7.735 5.0392207367771835
7.745 5.394185477655492
7.755 5.327851402523276
7.765000000000001 5.209544338691098
7.775 4.931329000255952
7.785 5.330891970622476
7.795 5.181498112317136
7.805000000000001 5.152302491871186
7.815 5.10338172524511
7.825 5.062616761770575
7.835 5.101068225168979
7.845 4.993483402024155
7.855 5.440722844866122
7.865 4.917144538610305
7.875 5.241029032911048
7.885 5.028777427006848
7.8950000000000005 4.938217859064941
7.905 4.789876364967902
7.915 5.192061548547221
7.925 4.989727915694405
7.9350000000000005 5.192887606705782
7.945 4.641859854938267
7.955 4.764349952401749
7.965 5.058260331947328
7.9750000000000005 4.858709550164047
7.985 4.816114000395132
7.995 4.944477140078852
8.005 5.234948355051903
8.015 4.904728721964825
8.025 4.685362447544066
8.035 4.940454284461578
8.045 5.044357494517138
8.055 4.815015263346015
8.065 4.929871581667005
8.075 4.668437605159484
8.085 4.860983447455195
8.095 4.897100684324861
8.105 4.707789562730467
8.115 4.699877317238787
8.125 4.827936190567961
8.135 4.585166290541358
8.145 4.654350897779927
8.155 4.734124311516483
8.165000000000001 4.835323096115952
8.175 4.6674356838633555
8.185 4.732069521661697
8.195 4.550776700043842
8.205 4.5937347073343835
8.215 4.647252675603165
8.225 4.506883804861217
8.235 4.639013817918779
8.245000000000001 4.474341351255955
8.255 4.556052414935071
8.265 4.750981015885142
8.275 4.597815977614134
8.285 4.558454061419657
8.295 4.2760317178495555
8.305 4.715876272120638
8.315 4.2765356484350745
8.325 4.584750531187338
8.335 4.329356758993368
8.345 4.475724480332462
8.355 4.301705104387198
8.365 4.416217314141844
8.375 4.547461388265124
8.385 4.391725313175387
8.395 4.463869341379598
8.405 4.3811501553115155
8.415000000000001 4.199476244241211
8.425 4.394546345202866
8.435 4.268222536472504
8.445 4.237713912307323
8.455 4.400739404471024
8.465 4.166937897621824
8.475 4.332715199258348
8.485 4.147317266062117
8.495000000000001 4.198059331743156
8.505 4.09430251767101
8.515 4.131526602698447
8.525 4.025051422300674
8.535 4.028943899487107
8.545 4.371642667171531
8.555 4.142694294683052
8.565 4.278508930389747
8.575000000000001 4.2949254314130725
8.585 4.087463599896062
8.595 3.96632295721313
8.605 3.9767641858325633
8.615 4.029632259923186
8.625 4.0496388117998725
8.635 4.059782838799548
8.645 4.050396061855905
8.655 4.089612016569632
8.665000000000001 4.219091509423888
8.675 4.048215047113964
8.685 3.9970942189904264
8.695 3.9173231024568467
8.705 3.924332724624794
8.715 4.100559741951056
8.725 3.8617544124550673
8.735 3.9228548951536877
8.745000000000001 3.7901917394136686
8.755 3.873307886989128
8.765 4.104425855579373
8.775 3.9785241965923683
8.785 4.007186509814826
8.795 4.1423237002965445
8.805 3.85760059240341
8.815 3.8426101316337062
8.825000000000001 3.883738044078124
8.835 3.862521634760507
8.845 3.9778086336639285
8.855 3.7491981412386917
8.865 3.833337170251423
8.875 3.7507962170086073
8.885 3.9328556809071786
8.895 3.7492763887413685
8.905 3.756154295979237
8.915000000000001 3.714161535799872
8.925 3.772834561090236
8.935 3.8433887706480108
8.945 3.72263607956383
8.955 3.544943654242618
8.965 3.7965835240025667
8.975 3.7851166544759174
8.985 3.7286234293373868
8.995000000000001 3.6543848009225837
9.005 3.7210529656302116
9.015 3.829200440009467
9.025 3.6271521466005625
9.035 3.7409536071643017
9.045 3.7415807171534765
9.055 3.626823884854252
9.065 3.6837646402387514
9.075000000000001 3.7375005148076674
9.085 3.4265856650730626
9.095 3.6682996937937773
9.105 3.557841375921174
9.115 3.658058377016058
9.125 3.8073495269609445
9.135 3.7263515870857504
9.145 3.8487208303514646
9.155 3.7448160225740432
9.165000000000001 3.8290540148979146
9.175 3.7918980377153075
9.185 3.789396036163245
9.195 3.726649871245645
9.205 3.77008461029254
9.215 3.473408027204338
9.225 3.6340453528743226
9.235 3.714345388809891
9.245000000000001 3.6892868968996
9.255 3.7379543497264818
9.265 3.803357251343776
9.275 3.7923407796693747
9.285 3.747600749395796
9.295 3.8742996445614106
9.305 3.737110877574018
9.315 3.7738180620017965
9.325000000000001 3.8717267044902908
9.335 3.90240444768921
9.345 3.6912994543338282
9.355 3.6723257987791538
9.365 3.703206437571687
9.375 3.852616450564693
9.385 3.737009510207353
9.395 3.907679503496744
9.405 3.929538065328535
9.415000000000001 3.954031346651542
9.425 3.7818122591381127
9.435 3.7383779990595367
9.445 3.8120360491625895
9.455 3.950492290095398
9.465 3.9313190404635048
9.475 3.823058227924311
9.485 3.8473545733125634
9.495000000000001 3.7746843728830366
9.505 3.9251480349051007
9.515 3.849923441472263
9.525 3.8605584755950018
9.535 3.892483745985605
9.545 4.089330963701833
9.555 3.963878655365685
9.565 3.9396874731979503
9.575000000000001 3.7780139144908724
9.585 4.108074105717223
9.595 3.917724761291177
9.605 4.059433849880422
9.615 3.9066907287359656
9.625 3.916904911209279
9.635 3.8904888161603592
9.645 4.015403270572286
9.655 3.7520931849936034
9.665000000000001 3.9364831449728084
9.675 3.8635684222177784
9.685 3.9978192174921596
9.695 3.8992560029280408
9.705 4.089519945065215
9.715 4.199323713375665
9.725 4.100928108191933
9.735 3.813530893172722
9.745000000000001 3.8235874348071404
9.755 4.070645485093783
9.765 4.067399968818689
9.775 4.191084852905681
9.785 4.002656667452559
9.795 4.0046006110200825
9.805 4.00148229590204
9.815 3.902689528644818
9.825000000000001 4.128434116087525
9.835 4.112520090122821
9.845 4.236804554075334
9.855 4.250687830674533
9.865 4.129916228372808
9.875 4.163841202635751
9.885 4.021375064264038
9.895 4.216390946330636
9.905 3.903786733025758
9.915000000000001 4.093302705737576
9.925 4.087520754806809
9.935 4.349611189430058
9.945 4.144670820044109
9.955 4.129005560750156
9.965 4.162247473222559
9.975 4.270917743750192
9.985 4.050708707548172
9.995000000000001 4.244130659385999
10.005 4.2356508806727415

