0.005 0.0
0.015 0.0
0.025 0.0
0.035 0.0
0.045 0.0
0.055 0.0
0.065 0.0
0.075 0.0
0.085 0.0
0.095 0.0
0.105 0.0
0.115 0.0
0.125 0.0
0.135 0.0
0.145 0.0
0.155 0.0
0.165 0.0
0.17500000000000002 0.0
0.185 0.0
0.195 0.0
0.20500000000000002 0.0
0.215 0.0
0.225 0.0
0.23500000000000001 0.0
0.245 0.0
0.255 0.0
0.265 0.0
0.275 0.0
0.28500000000000003 0.0
0.295 0.0
0.305 0.0
0.315 0.0
0.325 0.0
0.335 0.0
0.34500000000000003 0.0
0.355 0.0
0.365 0.0
0.375 0.0
0.385 0.0
0.395 0.0
0.405 0.0
0.41500000000000004 0.0
0.425 0.0
0.435 0.0
0.445 0.0
0.455 0.0
0.465 0.0
0.47500000000000003 0.0
0.485 0.0
0.495 0.0
0.505 0.0
0.515 0.0
0.525 0.0
0.535 0.0
0.545 0.0
0.555 0.0
0.5650000000000001 0.0
0.5750000000000001 0.0
0.585 0.0
0.595 0.0
0.605 0.0
0.615 0.0
0.625 0.0
0.635 0.0
0.645 0.0
0.655 0.0
0.665 0.0
0.675 0.0
0.685 0.0
0.6950000000000001 0.0
0.705 0.0
0.715 0.0
0.725 0.0
0.735 0.0
0.745 0.0
0.755 0.0
0.765 0.0
0.775 0.0
0.785 0.0
0.795 0.0
0.805 0.0
0.8150000000000001 0.0
0.8250000000000001 0.0
0.835 0.0
0.845 0.0
0.855 0.0
0.865 0.0
0.875 0.0
0.885 0.0
0.895 0.0
0.905 0.0
0.915 0.0
0.925 0.0
0.935 0.0
0.9450000000000001 0.0
0.9550000000000001 0.0
0.965 0.0
0.975 0.0
0.985 0.0
0.995 0.0
1.0050000000000001 0.0
1.0150000000000001 0.0
1.025 0.0
1.035 0.0
1.045 0.0
1.055 0.0
1.065 0.0
1.075 0.0
1.085 0.0
1.095 0.0
1.105 0.0
1.115 0.0
1.125 0.0
1.135 0.0
1.145 0.0
1.155 0.0
1.165 0.0
1.175 0.0
1.185 0.0
1.195 0.0
1.205 0.0
1.215 0.0
1.225 0.0
1.235 0.0
1.245 0.0
1.2550000000000001 0.0
1.2650000000000001 0.0
1.2750000000000001 0.0
1.285 0.0
1.295 0.0
1.305 0.0
1.315 0.0
1.325 0.0
1.335 0.0
1.345 0.0
1.355 0.0
1.365 0.0
1.375 0.0
1.385 0.0
1.395 0.0
1.405 0.0
1.415 0.0
1.425 0.0
1.435 0.0
1.445 0.0
1.455 0.0
1.465 0.0
1.475 0.0
1.485 0.0
1.495 0.0
1.5050000000000001 0.0
1.5150000000000001 0.0
1.5250000000000001 0.0
1.5350000000000001 0.0
1.545 0.0
1.555 0.0
1.565 0.0
1.575 0.0
1.585 0.0
1.595 0.0
1.605 0.0
1.615 0.0
1.625 0.0
1.635 0.0
1.645 0.0
1.655 0.0
1.665 0.0
1.675 0.0
1.685 0.0
1.695 0.0
1.705 0.0
1.715 0.0
1.725 0.0
1.735 0.0
1.745 0.0
1.7550000000000001 0.0
1.7650000000000001 0.0
1.7750000000000001 0.0
1.7850000000000001 0.0
1.795 0.0
1.805 0.0
1.815 0.0
1.825 0.0
1.835 0.0
1.845 0.0
1.855 0.0
1.865 0.0
1.875 0.0
1.885 0.0
1.895 0.0
1.905 0.0
1.915 0.0
1.925 0.0
1.935 0.0
1.945 0.0
1.955 0.0
1.965 0.0
1.975 0.0
1.985 0.0
1.995 0.0
2.005 0.0
2.015 0.0
2.025 0.0
2.035 0.0
2.045 0.0
2.055 0.0
2.065 0.0
2.075 0.0
2.085 0.0
2.095 0.0
2.105 0.0
2.115 0.0
2.125 0.0
2.1350000000000002 0.0
2.145 0.0
2.1550000000000002 0.0
2.165 0.0
2.1750000000000003 0.0
2.185 0.0
2.195 0.0
2.205 0.0
2.215 0.0
2.225 0.0
2.235 0.0
2.245 0.0
2.255 0.0
2.265 0.0
2.275 0.0
2.285 0.0
2.295 0.0
2.305 0.0
2.315 0.0
2.325 0.0
2.335 0.0
2.345 0.0
2.355 0.0
2.365 0.0
2.375 0.0
2.3850000000000002 0.0
2.395 0.0
2.4050000000000002 0.0
2.415 0.0
2.4250000000000003 0.0
2.435 0.0
2.445 0.0
2.455 0.0
2.465 0.03991889468309713
2.475 0.0
2.485 0.0
2.495 0.03896469392451813
2.505 0.03865421992498214
2.515 0.1533897680738545
2.525 0.41848731946147344
2.535 0.4151921608099836
2.545 0.4493844746883747
2.555 0.5573420955084328
2.565 1.1428766381494593
2.575 1.2803419704926295
2.585 1.2341564889648635
2.595 2.30524804612517
2.605 2.6092748121000846
2.615 3.1568870341934665
2.625 4.470514734965855
2.6350000000000002 4.890792367214546
2.645 5.373939570709824
2.6550000000000002 6.778749920103683
2.665 8.572188956194735
2.6750000000000003 10.03359536919133
2.685 9.319736582077779
2.695 10.386167017616238
2.705 13.326127679930677
2.715 13.293953541286607
2.725 15.613754496077643
2.735 16.310444256258293
2.745 18.380777620805883
2.755 19.909360656413163
2.765 20.971218501809705
2.775 22.993726729062896
2.785 23.8296166652388
2.795 24.497731247827666
2.805 24.446683310070885
2.815 24.88549254520724
2.825 25.37827318845469
2.835 26.61797168841777
2.845 24.45333629694139
2.855 26.66295568810337
2.865 27.806919545606686
2.875 26.0878672272818
2.8850000000000002 28.29698147755024
2.895 26.481127756380474
2.9050000000000002 27.47755845129744
2.915 27.003903212113993
2.9250000000000003 27.698442575186366
2.935 26.552658617160805
2.945 24.638703045228926
2.955 25.50000389210497
2.965 26.873368054786056
2.975 23.568777290454427
2.985 23.275015991382393
2.995 21.65964875505213
3.005 23.154257712206128
3.015 21.986957200953782
3.025 20.51647557963436
3.035 19.80218015478753
3.045 19.227610027993677
3.055 19.361830160783107
3.065 17.45413390216708
3.075 17.23818751088655
3.085 15.87779827760119
3.095 16.281793367903855
3.105 16.302881501994253
3.115 15.748421315614971
3.125 14.207202323508387
3.1350000000000002 13.154207880246686
3.145 14.125172765017053
3.1550000000000002 11.793948344782416
3.165 11.380543899000616
3.1750000000000003 11.910509259581424
3.185 10.544653414906017
3.1950000000000003 10.359942862067992
3.205 9.752289433949713
3.215 9.550916648955766
3.225 9.118636884430881
3.235 7.741239454455959
3.245 8.292504296710746
3.255 7.737975018555971
3.265 7.190073373662326
3.275 6.467791890325082
3.285 7.282607054033442
3.295 5.451193590157751
3.305 5.462667899191692
3.315 5.760843309907903
3.325 5.879821173417442
3.335 5.015899018100359
3.345 4.4223239220543835
3.355 4.848530121318694
3.365 4.434175102827498
3.375 4.855119517973226
3.3850000000000002 3.810375653947814
3.395 3.6827405847692543
3.4050000000000002 3.995873886348614
3.415 3.598133950992565
3.4250000000000003 3.3497045624868713
3.435 3.576913264384489
3.4450000000000003 3.0247947347481414
3.455 3.2105070710070547
3.465 3.3334206026068105
3.475 2.8924477665328157
3.485 2.5163881576100318
3.495 2.819724243688445
3.505 2.6062168146956575
3.515 2.2576667615510617
3.525 2.0496689190497905
3.535 2.0186785290771727
3.545 1.949402672773147
3.555 2.3414952688364608
3.565 2.2520374307957733
3.575 1.6890814080776093
3.585 2.2835983426144106
3.595 2.1958402561286237
3.605 2.4636332965004697
3.615 2.060245854746606
3.625 2.178104240286567
3.6350000000000002 2.037637032106302
3.645 1.9351894065205235
3.6550000000000002 2.106182045086458
3.665 2.004415266301819
3.6750000000000003 2.2449569053585665
3.685 1.9827167626445412
3.6950000000000003 2.362846129011602
3.705 1.855348772337973
3.715 1.7574988600288586
3.725 1.7305945433233672
3.735 2.225570972653995
3.745 2.006166793165881
3.755 2.1159135635069872
3.765 2.0533547163520667
3.775 2.2978017349829556
3.785 2.1671596187239626
3.795 2.189437190958474
3.805 2.395738519686114
3.815 1.9332214553642584
3.825 2.2049638061418997
3.835 2.440864568125119
3.845 2.575844666093257
3.855 2.5951416416995254
3.865 2.841526825220504
3.875 2.4391934379940645
3.8850000000000002 2.956980682597282
3.895 2.7819353693485667
3.9050000000000002 3.069926273214894
3.915 3.1175642143597058
3.9250000000000003 3.4323367231711757
3.935 3.0546246681980844
3.9450000000000003 3.132670808764035
3.955 3.7836379231256227
3.9650000000000003 3.363433384173208
3.975 3.5153934380633993
3.985 3.268660722430445
3.995 3.6474588257406815
4.005 3.825852347438378
4.015 4.258219674431276
4.025 3.772953896626705
4.035 3.784071786115326
4.045 3.602317193439238
4.055 4.38114334107866
4.065 3.8898916583136818
4.075 3.783182311164158
4.085 4.18621085554047
4.095 4.295971303978994
4.105 3.7712706746680507
4.115 4.297286532261673
4.125 4.105417410005603
4.135 4.5395383492472225
4.1450000000000005 4.334131116318191
4.155 4.622389973812786
4.165 4.3485364959933825
4.175 4.494716513067101
4.1850000000000005 4.085487020563999
4.195 4.451960852247697
4.205 4.773753495872584
4.215 4.368854357857207
4.225 4.090023625836738
4.235 4.517023875542253
4.245 4.1592578010864365
4.255 4.072744869750284
4.265 4.200347622177901
4.275 4.180719865350373
4.285 4.161229365231054
4.295 4.299660553398701
4.305 3.9525137234946457
4.315 4.129623115463018
4.325 3.8512080672026188
4.335 3.4978714529787465
4.345 3.4560934516797204
4.355 3.5297628096667335
4.365 3.6536434311465236
4.375 3.472219801324449
4.385 3.4816302645363337
4.3950000000000005 3.377903855900827
4.405 3.55008930728797
4.415 2.9740567399808224
4.425 2.9358547247503872
4.4350000000000005 3.2802515903110776
4.445 3.27778526069756
4.455 2.859783846608227
4.465 2.84698841454984
4.4750000000000005 2.810054062014991
4.485 2.8337121873603865
4.495 2.713075117342192
4.505 2.7010437618597445
4.515 2.938963665053576
4.525 2.5706049555751593
4.535 2.5474868026411057
4.545 3.193845503769633
4.555 2.8408106469347603
4.565 2.956411817764947
4.575 2.5842554673242826
4.585 2.6768379648573593
4.595 3.06727707671689
4.605 2.962465318471173
4.615 3.154635155595157
4.625 2.959578164088205
4.635 3.2516649726346696
4.6450000000000005 3.4287923549506156
4.655 3.201396353256683
4.665 3.377163730430028
4.675 3.4404182934991776
4.6850000000000005 3.469950209803315
4.695 3.9173429210662243
4.705 4.010279265312213
4.715 4.036929058346094
4.7250000000000005 4.226284839896996
4.735 4.165177865696744
4.745 4.416967592897264
4.755 4.7095159061948015
4.765 5.181180468265628
4.775 4.82971932360715
4.785 5.561708354396399
4.795 5.981617371437953
4.805 6.051297338356096
4.815 6.319127963801465
4.825 6.074166809067384
4.835 6.837624598875271
4.845 7.181415224471922
4.855 7.110700320835237
4.865 7.829616073435631
4.875 7.266805759057687
4.885 8.385666978567512
4.8950000000000005 8.229964325821342
4.905 8.710608987621146
4.915 8.635037093629773
4.925 9.60000732873567
4.9350000000000005 9.083083907724717
4.945 10.107747737696625
4.955 9.849646490151553
4.965 9.888726369165017
4.9750000000000005 10.946614073234656
4.985 11.22484415084293
4.995 10.431374614889897
5.005 10.467195512794612
5.015 11.370635473839739
5.025 11.200546807728605
5.035 11.184803768796433
5.045 11.83619367598852
5.055 11.219873630300587
5.065 10.910878478253318
5.075 11.357638056461207
5.085 11.71637691106065
5.095 11.53027310337755
5.105 11.969121822818028
5.115 11.264134146829392
5.125 11.691191623977153
5.135 11.084572906404476
5.1450000000000005 11.343908117440384
5.155 11.199536196493895
5.165 10.674321027398847
5.175 11.303337427620807
5.1850000000000005 10.709421536912169
5.195 10.695194179353667
5.205 10.081142174686248
5.215 10.220892238928036
5.2250000000000005 9.87972862322896
5.235 9.824318306793623
5.245 9.22260308739742
5.255 9.556443005013321
5.265 8.697660531678077
5.275 8.952376447957922
5.285 8.892477893230797
5.295 8.737803346584046
5.305 8.067108425378699
5.315 8.079712508241482
5.325 8.057948759037878
5.335 7.64427705125368
5.345 7.4119357901505785
5.355 7.062855960444091
5.365 7.087113171020889
5.375 7.04397569538333
5.385 6.265031054499093
5.3950000000000005 6.158491784884491
5.405 6.218752141685499
5.415 6.071723205987829
5.425 5.69496933305611
5.4350000000000005 6.207768695930829
5.445 5.841377479045627
5.455 5.738468183755748
5.465 5.66875802601844
5.4750000000000005 5.510508727668335
5.485 5.3533747437390335
5.495 5.197347051720674
5.505 5.602685239930966
5.515 5.103895477006133
5.525 5.236410460290016
5.535 5.154168001906931
5.545 4.883153549345686
5.555 5.227166717408058
5.565 4.7541314680529245
5.575 4.830740845698694
5.585 4.898995369265569
5.595 5.005473553028013
5.605 5.05711583425978
5.615 4.700613295981954
5.625 5.266529479869461
5.635 5.04160633128645
5.6450000000000005 5.198830378565776
5.655 5.40800579836663
5.665 5.079047592019213
5.675 5.317234419546854
5.6850000000000005 5.313554728514544
5.695 5.264995946302486
5.705 5.2167446787966965
5.715 5.41387093941763
5.7250000000000005 5.542984646895594
5.735 5.435174397371176
5.745 5.6440908369683305
5.755 5.6464639960912955
5.765 5.561208650041702
5.775 5.141955082765945
5.785 5.6387872969131925
5.795 5.445995873332923
5.805 5.528020118201795
5.815 5.695526904102126
5.825 5.31140964795598
5.835 5.756287597052804
5.845 5.686909663899217
5.855 5.589669592347258
5.865 5.373184875758391
5.875 5.354908754375517
5.885 5.427772221864795
5.8950000000000005 5.625747932108261
5.905 4.966738038182732
5.915 4.845967808270287
5.925 5.085269247909777
5.9350000000000005 5.543285940317207
5.945 5.0648372188976385
5.955 4.863164022061731
5.965 5.146819104170786
5.9750000000000005 5.224724194314012
5.985 5.247908356451214
5.995 4.926713808669376
6.005 4.95740401802827
6.015000000000001 5.28954833806336
6.025 4.937910188175933
6.035 4.728426590092956
6.045 4.732708662248012
6.055 4.591388342333778
6.065 4.437785490142729
6.075 4.318030020438878
6.085 4.3038493106417075
6.095 4.557438908197867
6.105 4.2822045674919025
6.115 4.261723805375883
6.125 4.209026464850338
6.135 4.369315586328609
6.1450000000000005 4.457881815767714
6.155 4.18090136256057
6.165 4.384331970451514
6.175 4.325614818414789
6.1850000000000005 4.032650306277374
6.195 4.013321576741507
6.205 4.120093131907208
6.215 4.138243154962377
6.2250000000000005 4.156255380415247
6.235 4.373790325908824
6.245 4.421988134774648
6.255 4.321067076324705
6.265000000000001 4.3814407460543885
6.275 4.219645529715908
6.285 4.3658810144108475
6.295 4.431593905078953
6.305 4.393141319756944
6.315 4.549542723751058
6.325 4.444222306930588
6.335 4.393939093476992
6.345 4.729543937345334
6.355 4.792748526898428
6.365 4.639997511266357
6.375 4.828375135290893
6.385 4.9084571835388235
6.3950000000000005 5.17780878471519
6.405 5.185303575563231
6.415 5.116102845633202
6.425 5.38810356109254
6.4350000000000005 5.4182307073746205
6.445 5.4831813785414685
6.455 5.559346481845509
6.465 5.478325083530153
6.4750000000000005 5.536626873637641
6.485 5.686824404197466
6.495 5.6808261448464465
6.505 5.462747962708305
6.515000000000001 5.440276504117199
6.525 5.890774147004935
6.535 5.600136293395278
6.545 5.752905923285681
6.555 5.921653102808727
6.565 5.819208852107017
6.575 5.9361794354878175
6.585 5.588133805794665
6.595 5.961574459944799
6.605 5.743379914909839
6.615 5.76483006801908
6.625 5.725334407023371
6.635 5.559326488281157
6.6450000000000005 5.581058899447654
6.655 5.542392286547204
6.665 5.323744165812035
6.675 5.558224333589672
6.6850000000000005 5.319075097130519
6.695 5.135443073380933
6.705 5.233437473591333
6.715 5.13717319413791
6.7250000000000005 4.982462136653795
6.735 5.106708192358027
6.745 5.342157456167799
6.755 5.177512084997478
6.765000000000001 4.929015887781608
6.775 4.623834973018173
6.785 4.73139824535147
6.795 4.980148434898636
6.805 4.625059421044356
6.815 4.914403092272768
6.825 4.436568139508144
6.835 4.6935804430544685
6.845 4.307143036310167
6.855 4.2429681593794575
6.865 4.158561717441057
6.875 3.910411308699095
6.885 4.103735423946734
6.8950000000000005 4.066330319150881
6.905 4.085084590461682
6.915 3.9261733110486072
6.925 3.904726499657431
6.9350000000000005 4.0094709665833905
6.945 3.932557924746126
6.955 3.9563582489966636
6.965 3.7950055047862827
6.9750000000000005 3.9137592664102328
6.985 3.708675905835599
6.995 3.559277777288889
7.005 3.8160486057243483
7.015000000000001 3.696739002337125
7.025 3.715711746795539
7.035 3.763967750729496
7.045 3.548031797341181
7.055 3.3917831719774485
7.065 3.4988155013034756
7.075 3.5955380991965464
7.085 3.6143879610981697
7.095 3.7969449137992566
7.105 3.5892632808349165
7.115 3.5935553084803713
7.125 3.726814224699389
7.135 3.6591999763724687
7.1450000000000005 3.582446877368917
7.155 3.7524834467282258
7.165 3.5199521780149134
7.175 3.2981249832903203
7.1850000000000005 3.476890834067227
7.195 3.5562563553178665
7.205 3.551064025536964
7.215 3.4107610208265373
7.2250000000000005 3.4338523448420815
7.235 3.7672666064432163
7.245 3.73376914634523
7.255 3.709658473256172
7.265000000000001 3.8648944723860326
7.275 3.6617919536927896
7.285 3.843702496605019
7.295 3.824056063958795
7.305 3.9317740278131588
7.315 3.902899545024921
7.325 3.856085511057505
7.335 4.0890265822134575
7.345 4.077899986143485
7.355 4.039915862680744
7.365 4.413514258848452
7.375 4.089386606409997
7.385 4.314034550957035
7.3950000000000005 4.391083768217935
7.405 4.467701330651005
7.415 4.486539821369249
7.425 4.566856046874878
7.4350000000000005 4.804686529559998
7.445 5.176881518846679
7.455 4.735298140107694
7.465 5.362458808377133
7.4750000000000005 5.1701394025191325
7.485 5.701840329127696
7.495 5.453470424339452
7.505 5.486317295976974
7.515000000000001 5.71224146530312
7.525 5.761322181889638
7.535 5.844299592126126
7.545 5.939599641767157
7.555 6.217106053705356
7.565 6.260017074536767
7.575 6.501356011372215
7.585 6.408336453564044
7.595 6.753095201668768
7.605 6.7772859117457696
7.615 6.956092073925316
7.625 7.175656471330496
7.635 7.185998845866086
7.6450000000000005 7.183812306551795
7.655 7.276815593580243
7.665 7.51793413006869
7.675 7.7783607021058625
7.6850000000000005 7.725274873270658
7.695 7.656053195764734
7.705 7.5830789086991075
7.715 7.856842701080213
7.7250000000000005 8.011291565176707
7.735 7.897346737925951
7.745 8.151932475977114
7.755 8.090590396261687
7.765000000000001 8.138153048009336
7.775 8.105194939395464
7.785 8.300502963266528
7.795 7.923939717218426
7.805000000000001 7.915593009149858
7.815 7.935063569680724
7.825 7.958370167759846
7.835 8.068459578462473
7.845 7.701078585284292
7.855 7.764037296683955
7.865 7.748227757810177
7.875 7.709006137214684
7.885 7.385163436248227
7.8950000000000005 7.428729624077993
7.905 7.231393572070664
7.915 6.969210132278149
7.925 7.052045800354477
7.9350000000000005 6.934122916966179
7.945 6.720706031694561
7.955 6.665490400021431
7.965 6.392601114902442
7.9750000000000005 6.552011779577577
7.985 6.326380397043526
7.995 6.329537889218362
8.005 5.7989449601876455
8.015 5.7505018041204226
8.025 5.875534902064907
8.035 5.64677018216407
8.045 5.460348342876277
8.055 5.5365198796703785
8.065 5.3176980903609286
8.075 5.163180395188339
8.085 5.176390770381676
8.095 5.034056636947704
8.105 4.925640217005837
8.115 4.674094291203779
8.125 4.4384679742816555
8.135 4.434893054800194
8.145 4.402072648018091
8.155 4.394930504913223
8.165000000000001 4.329597053708039
8.175 4.20286976820666
8.185 4.10571295911581
8.195 3.9331712907521785
8.205 3.9884426047209116
8.215 3.7810594081473563
8.225 3.9654840796949142
8.235 3.780599541665496
8.245000000000001 3.8285233412261874
8.255 3.8050156496606187
8.265 3.50109662306633
8.275 3.7051737385087713
8.285 3.5160168923353177
8.295 3.472292862392261
8.305 3.569436551977961
8.315 3.4380680356574014
8.325 3.2583227057522235
8.335 3.407622739336716
8.345 3.4238421511025763
8.355 3.3009853385846832
8.365 3.4248215905589805
8.375 3.1780357534719754
8.385 3.443002248663815
8.395 3.4382463161435766
8.405 3.2515275839184996
8.415000000000001 3.4972799717538963
8.425 3.2156050628583963
8.435 3.334122716190183
8.445 3.363642904712635
8.455 3.538913800202989
8.465 3.5508674692163225
8.475 3.4276741443859886
8.485 3.453290168735721
8.495000000000001 3.485498420350404
8.505 3.5309586823157852
8.515 3.5996134611364607
8.525 3.6579240123064167
8.535 3.7425892091103377
8.545 3.7504442030673695
8.555 3.8543627717731113
8.565 3.617224706218225
8.575000000000001 3.8364042064004633
8.585 3.8077257528822415
8.595 3.8120041004341427
8.605 3.9243521372548695
8.615 4.183235436092196
8.625 4.0887657568414175
8.635 4.186651052512034
8.645 4.134779313144572
8.655 4.060469888185525
8.665000000000001 4.477535093462106
8.675 4.235154913939289
8.685 4.273642974286626
8.695 4.292693129473596
8.705 4.452485171250481
8.715 4.333691253759802
8.725 4.594595596336804
8.735 4.685808845588764
8.745000000000001 4.6909569728810165
8.755 4.597970882185622
8.765 4.619057712855863
8.775 4.665237003288438
8.785 4.846338508340755
8.795 4.678536684967785
8.805 4.836861732243043
8.815 4.6885462369730515
8.825000000000001 4.762017216836767
8.835 4.682880212054774
8.845 4.728104572359697
8.855 4.69268447216097
8.865 4.9660543534094534
8.875 4.609968749476096
8.885 4.787022774104207
8.895 4.947941203130473
8.905 4.716604172964155
8.915000000000001 4.846416202835002
8.925 4.820336650690752
8.935 4.663716808651934
8.945 4.692704113326391
8.955 4.497722878719089
8.965 4.825705131065266
8.975 4.751721623518694
8.985 4.840300035989147
8.995000000000001 4.754597452225775
9.005 4.836770615292646
9.015 4.652941142614778
9.025 4.413332907440092
9.035 4.587793780350821
9.045 4.794085594007268
9.055 4.523175954275817
9.065 4.513202031189945
9.075000000000001 4.5091515273211495
9.085 4.446332856994464
9.095 4.448289876486938
9.105 4.499967135005563
9.115 4.35872398793693
9.125 4.229741020005578
9.135 4.313499029044658
9.145 4.37657854785257
9.155 4.297567073819517
9.165000000000001 4.184237758361296
9.175 4.123256908792253
9.185 4.128659110721106
9.195 4.156978955685096
9.205 4.236693411718267
9.215 4.384606350130476
9.225 4.224043304282154
9.235 4.189303796107939
9.245000000000001 4.197273323472699
9.255 3.950338119597305
9.265 4.018108478016976
9.275 4.077118786172428
9.285 4.144306234129134
9.295 4.003442966046791
9.305 4.123708554564433
9.315 3.9639066754952204
9.325000000000001 4.061407839868777
9.335 4.328273121367134
9.345 4.080149660207971
9.355 3.9661118626814864
9.365 4.120819710217934
9.375 4.037519962160564
9.385 3.833395164486835
9.395 3.9543957844808815
9.405 3.998092462839501
9.415000000000001 3.6502960667357485
9.425 4.117669954353989
9.435 4.002680233686925
9.445 3.9507049781977472
9.455 3.89351403591133
9.465 3.858216000454887
9.475 3.860883539013316
9.485 3.9686797000112777
9.495000000000001 3.806969627676049
9.505 3.9305175944603743
9.515 3.8686774178747037
9.525 3.8846201281437245
9.535 3.8978195701747573
9.545 3.8790073008551897
9.555 3.9931029618060485
9.565 3.9396874731979503
9.575000000000001 3.981730351056556
9.585 4.005108238028937
9.595 3.8097041054653955
9.605 4.135679692915741
9.615 3.759763475002445
9.625 4.016398485157108
9.635 3.84345805814096
9.645 3.945003343101214
9.655 4.001885796477227
9.665000000000001 3.983222390757446
9.675 3.980175115041253
9.685 3.951272810043997
9.695 3.695390202642591
9.705 3.878348260244467
9.715 3.962886882512408
9.725 3.9137062495940524
9.735 3.9261452282731253
9.745000000000001 3.887441600385082
9.755 4.06044975438597
9.765 3.8562716402308523
9.775 3.9016943785075906
9.785 3.959590108372373
9.795 3.746728601977122
9.805 3.834964117131841
9.815 3.9102431212809052
9.825000000000001 3.852032562362858
9.835 3.8141116201687866
9.845 3.6887477334359384
9.855 3.8685754698677157
9.865 3.885660470750275
9.875 3.979776537764159
9.885 3.879882237928821
9.895 3.5871528145045612
9.905 3.8815358903422674
9.915000000000001 3.8021576067158565
9.925 4.008725173991255
9.935 3.870416736357255
9.945 3.8577320709641323
9.955 3.9307545527947534
9.965 3.900885689399312
9.975 3.7589926717253404
9.985 3.8925729321784233
9.995000000000001 3.887215781279739
10.005 3.9012573900933156

