0.005 0.0
0.015 0.0
0.025 0.0
0.035 0.0
0.045 0.0
0.055 0.0
0.065 0.0
0.075 0.0
0.085 0.0
0.095 0.0
0.105 0.0
0.115 0.0
0.125 0.0
0.135 0.0
0.145 0.0
0.155 0.0
0.165 0.0
0.17500000000000002 0.0
0.185 0.0
0.195 0.0
0.20500000000000002 0.0
0.215 0.0
0.225 0.0
0.23500000000000001 0.0
0.245 0.0
0.255 0.0
0.265 0.0
0.275 0.0
0.28500000000000003 0.0
0.295 0.0
0.305 0.0
0.315 0.0
0.325 0.0
0.335 0.0
0.34500000000000003 0.0
0.355 0.0
0.365 0.0
0.375 0.0
0.385 0.0
0.395 0.0
0.405 0.0
0.41500000000000004 0.0
0.425 0.0
0.435 0.0
0.445 0.0
0.455 0.0
0.465 0.0
0.47500000000000003 0.0
0.485 0.0
0.495 0.0
0.505 0.0
0.515 0.0
0.525 0.0
0.535 0.0
0.545 0.0
0.555 0.0
0.5650000000000001 0.0
0.5750000000000001 0.0
0.585 0.0
0.595 0.0
0.605 0.0
0.615 0.0
0.625 0.0
0.635 0.0
0.645 0.0
0.655 0.0
0.665 0.0
0.675 0.0
0.685 0.0
0.6950000000000001 0.0
0.705 0.0
0.715 0.0
0.725 0.0
0.735 0.0
0.745 0.0
0.755 0.0
0.765 0.0
0.775 0.0
0.785 0.0
0.795 0.0
0.805 0.0
0.8150000000000001 0.0
0.8250000000000001 0.0
0.835 0.0
0.845 0.0
0.855 0.0
0.865 0.0
0.875 0.0
0.885 0.0
0.895 0.0
0.905 0.0
0.915 0.0
0.925 0.0
0.935 0.0
0.9450000000000001 0.0
0.9550000000000001 0.0
0.965 0.0
0.975 0.0
0.985 0.0
0.995 0.0
1.0050000000000001 0.0
1.0150000000000001 0.0
1.025 0.0
1.035 0.0
1.045 0.0
1.055 0.0
1.065 0.0
1.075 0.0
1.085 0.0
1.095 0.0
1.105 0.0
1.115 0.0
1.125 0.0
1.135 0.0
1.145 0.0
1.155 0.0
1.165 0.0
1.175 0.0
1.185 0.0
1.195 0.0
1.205 0.0
1.215 0.0
1.225 0.0
1.235 0.0
1.245 0.0
1.2550000000000001 0.0
1.2650000000000001 0.0
1.2750000000000001 0.0
1.285 0.0
1.295 0.0
1.305 0.0
1.315 0.0
1.325 0.0
1.335 0.0
1.345 0.0
1.355 0.0
1.365 0.0
1.375 0.0
1.385 0.0
1.395 0.0
1.405 0.0
1.415 0.0
1.425 0.0
1.435 0.0
1.445 0.0
1.455 0.0
1.465 0.0
1.475 0.0
1.485 0.0
1.495 0.0
1.5050000000000001 0.0
1.5150000000000001 0.0
1.5250000000000001 0.0
1.5350000000000001 0.0
1.545 0.0
1.555 0.0
1.565 0.0
1.575 0.0
1.585 0.0
1.595 0.0
1.605 0.0
1.615 0.0
1.625 0.0
1.635 0.0
1.645 0.0
1.655 0.0
1.665 0.0
1.675 0.0
1.685 0.0
1.695 0.0
1.705 0.0
1.715 0.0
1.725 0.0
1.735 0.0
1.745 0.0
1.7550000000000001 0.0
1.7650000000000001 0.0
1.7750000000000001 0.0
1.7850000000000001 0.0
1.795 0.0
1.805 0.0
1.815 0.0
1.825 0.0
1.835 0.0
1.845 0.0
1.855 0.0
1.865 0.0
1.875 0.0
1.885 0.0
1.895 0.0
1.905 0.0
1.915 0.0
1.925 0.0
1.935 0.0
1.945 0.0
1.955 0.0
1.965 0.0
1.975 0.0
1.985 0.0
1.995 0.0
2.005 0.0
2.015 0.0
2.025 0.0
2.035 0.0
2.045 0.0
2.055 0.0
2.065 0.0
2.075 0.0
2.085 0.0
2.095 0.0
2.105 0.0
2.115 0.0
2.125 0.0
2.1350000000000002 0.0
2.145 0.0
2.1550000000000002 0.0
2.165 0.0
2.1750000000000003 0.0
2.185 0.0
2.195 0.0
2.205 0.0
2.215 0.0
2.225 0.0
2.235 0.0
2.245 0.0
2.255 0.0
2.265 0.0
2.275 0.0
2.285 0.0
2.295 0.0
2.305 0.0
2.315 0.0
2.325 0.0
2.335 0.0
2.345 0.0
2.355 0.0
2.365 0.0
2.375 0.0
2.3850000000000002 0.0
2.395 0.0
2.4050000000000002 0.0
2.415 0.0
2.4250000000000003 0.0
2.435 0.0
2.445 0.0
2.455 0.0
2.465 0.0
2.475 0.0
2.485 0.0
2.495 0.0
2.505 0.0
2.515 0.0
2.525 0.0
2.535 0.0
2.545 0.0
2.555 0.0
2.565 0.0
2.575 0.0
2.585 0.0
2.595 0.0
2.605 0.0
2.615 0.0
2.625 0.0
2.6350000000000002 0.0
2.645 0.0
2.6550000000000002 0.0
2.665 0.0
2.6750000000000003 0.043701485377778175
2.685 0.043376568773203214
2.695 0.12916578699297826
2.705 0.4273751276501933
2.715 0.16969307107471443
2.725 0.4632372359268335
2.735 1.0869322627129188
2.745 1.4525367981547406
2.755 1.3184102540875744
2.765 2.617782175961402
2.775 3.1674694498541673
2.785 4.394605645941865
2.795 5.8443073208686345
2.805 6.120667771033718
2.815 7.458454181065974
2.825 9.404119971660341
2.835 9.76588085993577
2.845 11.24274285126717
2.855 10.58865235663042
2.865 10.210085467448119
2.875 11.236332714472242
2.8850000000000002 10.970718174636302
2.895 10.41000438256577
2.9050000000000002 10.338458243293513
2.915 10.010035944095264
2.9250000000000003 10.051359514606848
2.935 7.877481275988819
2.945 6.670294208654528
2.955 6.446164694825569
2.965 5.762480708656978
2.975 3.8512031302366436
2.985 3.3341014101142035
2.995 2.0568481563025487
3.005 2.6318947383241205
3.015 2.0296504882865847
3.025 1.5036466810703033
3.035 1.0524178054383988
3.045 0.6745269225061811
3.055 0.6701182655558401
3.065 0.4660268828177239
3.075 0.26457185422622126
3.085 0.23000199340822186
3.095 0.1958726697800896
3.105 0.064871014272759
3.115 0.09668276379930649
3.125 0.09606498466966434
3.1350000000000002 0.0
3.145 0.0
3.1550000000000002 0.0314155875325652
3.165 0.0
3.1750000000000003 0.0
3.185 0.0
3.1950000000000003 0.0
3.205 0.0
3.215 0.0
3.225 0.0
3.235 0.0
3.245 0.0
3.255 0.0
3.265 0.0
3.275 0.0
3.285 0.0
3.295 0.0
3.305 0.0
3.315 0.0
3.325 0.0
3.335 0.0
3.345 0.0
3.355 0.0
3.365 0.0
3.375 0.0
3.3850000000000002 0.0
3.395 0.0
3.4050000000000002 0.0
3.415 0.0
3.4250000000000003 0.0
3.435 0.0
3.4450000000000003 0.0
3.455 0.0
3.465 0.0
3.475 0.0
3.485 0.0
3.495 0.0
3.505 0.0
3.515 0.0
3.525 0.0
3.535 0.0
3.545 0.0
3.555 0.0
3.565 0.0
3.575 0.0
3.585 0.0
3.595 0.0
3.605 0.0
3.615 0.0
3.625 0.0
3.6350000000000002 0.0
3.645 0.0
3.6550000000000002 0.0
3.665 0.0
3.6750000000000003 0.0
3.685 0.0
3.6950000000000003 0.0
3.705 0.0
3.715 0.0
3.725 0.0
3.735 0.0
3.745 0.0
3.755 0.0
3.765 0.0
3.775 0.0
3.785 0.0
3.795 0.0
3.805 0.0
3.815 0.02148596894961183
3.825 0.12824262560375227
3.835 0.04252489892530074
3.845 0.04230399085753445
3.855 0.06312719953006132
3.865 0.12560192300154416
3.875 0.18743173776899064
3.8850000000000002 0.10359337809837932
3.895 0.24734911481473432
3.9050000000000002 0.3691258570753638
3.915 0.36724256598194155
3.9250000000000003 0.32477657876879507
3.935 0.5048874535044358
3.9450000000000003 0.5827040374997716
3.955 0.6997116652772754
3.9650000000000003 0.9149882039998162
3.975 0.9499724692448739
3.985 1.476891738245179
3.995 1.7046284621730505
4.005 1.6766308842923001
4.015 1.8622766002104751
4.025 1.8530345517314513
4.035 2.3240333019652972
4.045 2.3698927321700785
4.055 2.3962541881665103
4.065 2.1952346414240123
4.075 1.9208303302400613
4.085 2.3611875440402903
4.095 2.3496695789159716
4.105 2.0784317211624517
4.115 2.0314075833161476
4.125 1.745901603492894
4.135 1.9935151271716223
4.1450000000000005 1.3832751939769425
4.155 1.3222843908878492
4.165 1.153703023790502
4.175 1.2020039987563302
4.1850000000000005 0.9463003818262292
4.195 0.888485092516207
4.205 0.6720408441966005
4.215 0.7920661055622266
4.225 0.5781021540422665
4.235 0.4707615781286742
4.245 0.3123641557490923
4.255 0.2245371989360427
4.265 0.27505908231523346
4.275 0.06844344046124974
4.285 0.11921762545351068
4.295 0.03390375024913536
4.305 0.06749284908973148
4.315 0.08397547844399485
4.325 0.06687008130928287
4.335 0.016640481199790273
4.345 0.0
4.355 0.03297598395926157
4.365 0.016412532194119787
4.375 0.0
4.385 0.016263158453736114
4.3950000000000005 0.0
4.405 0.0
4.415 0.0
4.425 0.0
4.4350000000000005 0.0
4.445 0.0
4.455 0.0
4.465 0.0
4.4750000000000005 0.0
4.485 0.0
4.495 0.0
4.505 0.0
4.515 0.0
4.525 0.0
4.535 0.0
4.545 0.0
4.555 0.0
4.565 0.0
4.575 0.0
4.585 0.0
4.595 0.0
4.605 0.0
4.615 0.0
4.625 0.0
4.635 0.0
4.6450000000000005 0.0
4.655 0.0
4.665 0.0
4.675 0.0
4.6850000000000005 0.0
4.695 0.0
4.705 0.0
4.715 0.01406632735110253
4.7250000000000005 0.02801370073730521
4.735 0.013947749822054266
4.745 0.08333413524796478
4.755 0.013830665389793101
4.765 0.12395407737285298
4.775 0.09600534364094718
4.785 0.24584010901664904
4.795 0.44882892397591906
4.805 0.3656967497494101
4.815 0.5530130688629543
4.825 0.6313167965568391
4.835 0.9096201620525849
4.845 1.132336445501877
4.855 1.6450812033494777
4.865 1.5854760315126821
4.875 2.3421509789234642
4.885 2.502927998624611
4.8950000000000005 3.262712015954474
4.905 3.6913433523037336
4.915 4.06468346633591
4.925 4.370502332498112
4.9350000000000005 5.36717920469275
4.945 5.409434973452288
4.955 5.973510820121808
4.965 5.695763727695067
4.9750000000000005 5.8624066621283175
4.985 6.568773832977463
4.995 6.32942888934528
5.005 6.516381047931405
5.015 6.266611839173746
5.025 5.771090943838908
5.035 5.785195333270613
5.045 5.356835165427747
5.055 4.1485995293274875
5.065 4.132234266451872
5.075 3.4724665944470248
5.085 3.483009911338767
5.095 3.0236358253004787
5.105 2.8318135029650646
5.115 2.103611471266921
5.125 1.7025208422315972
5.135 1.387551482091145
5.1450000000000005 1.0986423364713047
5.155 0.9178704836373681
5.165 0.5392142008352495
5.175 0.5488090843437998
5.1850000000000005 0.3838491301972028
5.195 0.34761162655653566
5.205 0.2308514843739397
5.215 0.22996699701214884
5.2250000000000005 0.1030894124325038
5.235 0.13692792249503133
5.245 0.04546876431538156
5.255 0.01132396987216165
5.265 0.04512397882443185
5.275 0.0
5.285 0.011195775057745765
5.295 0.022307053800419134
5.305 0.0
5.315 0.0
5.325 0.0
5.335 0.0
5.345 0.0
5.355 0.0
5.365 0.0
5.375 0.0
5.385 0.0
5.3950000000000005 0.0
5.405 0.0
5.415 0.0
5.425 0.0
5.4350000000000005 0.0
5.445 0.0
5.455 0.0
5.465 0.010470413258855518
5.4750000000000005 0.0
5.485 0.0
5.495 0.0
5.505 0.010318807507842328
5.515 0.020562841130184358
5.525 0.0
5.535 0.02041450736342101
5.545 0.010170470825437095
5.555 0.07093720506268654
5.565 0.1009749909271459
5.575 0.14085830329913093
5.585 0.20050619790101948
5.595 0.2297586208645483
5.605 0.3284784387489535
5.615 0.3967387606901365
5.625 0.6424102559014874
5.635 0.7386140858538968
5.6450000000000005 0.7458128524591192
5.655 0.9583077955526265
5.665 1.062113267215495
5.675 1.3205393325396546
5.6850000000000005 1.296546285701166
5.695 1.6487424468881442
5.705 1.9408154365749952
5.715 1.8287109441992455
5.7250000000000005 2.175344437300741
5.735 2.338904177716652
5.745 2.5013129304968826
5.755 2.332117699807926
5.765 2.5122150107147228
5.775 2.456639795061576
5.785 2.093078229959076
5.795 2.151043873672474
5.805 2.2178778438409044
5.815 1.8958265146089974
5.825 1.8155931566448722
5.835 1.5705745666462578
5.845 1.4553661327706113
5.855 1.313568921684566
5.865 1.1636385716164857
5.875 1.1506206162612327
5.885 0.9300118084555878
5.8950000000000005 0.6748974969014508
5.905 0.4304726924835823
5.915 0.500521459937746
5.925 0.3295863285843016
5.9350000000000005 0.22194365632188096
5.945 0.14156648187431353
5.955 0.2028189263305421
5.965 0.16698477673781342
5.9750000000000005 0.06131495253766164
5.985 0.05238019572492614
5.995 0.04350466269536877
6.005 0.04335988857729929
6.015000000000001 0.017286334369619155
6.025 0.025843499969868684
6.035 0.008585975181658916
6.045 0.0
6.055 0.008529348966908781
6.065 0.017002491401772984
6.075 0.0
6.085 0.0
6.095 0.0
6.105 0.0
6.115 0.0
6.125 0.0
6.135 0.0
6.1450000000000005 0.0
6.155 0.008254448588773994
6.165 0.024683075672163882
6.175 0.03280426031759872
6.1850000000000005 0.04087283657739969
6.195 0.04074098883198987
6.205 0.08121955606294516
6.215 0.07286256014354656
6.2250000000000005 0.2420955054815195
6.235 0.20914361781203908
6.245 0.1924378696680542
6.255 0.34368296945108684
6.265000000000001 0.4302251493081215
6.275 0.4685638035952659
6.285 0.5620720244886076
6.295 0.7496806856879877
6.305 0.943963605081243
6.315 1.0193910793947851
6.325 1.3835548886260998
6.335 1.4649027614027257
6.345 1.7632211697048126
6.355 2.1603159936586374
6.365 2.253877059143723
6.375 2.60845595564594
6.385 2.7383603710639965
6.3950000000000005 2.8827331420405677
6.405 3.453059983982336
6.415 3.4195060892223896
6.425 3.469472131297673
6.4350000000000005 3.768318763139326
6.445 3.470557721689091
6.455 3.6924685054487707
6.465 3.4865271277922787
6.4750000000000005 3.169958489944373
6.485 3.2940330810205847
6.495 2.979970285001572
6.505 2.800843221494196
6.515000000000001 2.4828200995145364
6.525 2.62945768738863
6.535 2.0356251333710453
6.545 1.9418090793508527
6.555 1.644777816369771
6.565 1.451124678097428
6.575 1.0778019063023814
6.585 0.9663566360368504
6.595 0.8699613616826017
6.605 0.7096329044290979
6.615 0.5359765151565281
6.625 0.5628588780145438
6.635 0.38358012843699235
6.6450000000000005 0.2195411416797149
6.655 0.14827480802682422
6.665 0.15486973986777453
6.675 0.12633222956627602
6.6850000000000005 0.09796465390535457
6.695 0.08371904770296355
6.705 0.06260213454258223
6.715 0.0485456368473233
6.7250000000000005 0.006914481510531281
6.735 0.013787927552638973
6.745 0.006873537231948711
6.755 0.0
6.765000000000001 0.006832955558376814
6.775 0.0068127993619276385
6.785 0.0
6.795 0.006772753610996996
6.805 0.006752863012653618
6.815 0.0
6.825 0.006713343789201618
6.835 0.0401622848580314
6.845 0.046719193261864966
6.855 0.04658298579795278
6.865 0.039812034107914555
6.875 0.11247285434136146
6.885 0.10554952765739314
6.8950000000000005 0.1710208292195428
6.905 0.2098779500325306
6.915 0.1831124459366718
6.925 0.3195219706990049
6.9350000000000005 0.3381073521338522
6.945 0.4019679170104363
6.955 0.4331364535194132
6.965 0.4576782873546925
6.9750000000000005 0.6170594557508242
6.985 0.5896566615721083
6.995 0.7349649117513039
7.005 0.6755131213439785
7.015000000000001 0.9976736571975041
7.025 0.9187969582704103
7.035 0.9730535046560659
7.045 0.9198882361768231
7.055 1.0178064123472013
7.065 1.1026369452153275
7.075 1.0183074491273414
7.085 1.0901908795759547
7.095 0.9380291893096404
7.105 0.8486656180077206
7.115 1.025421655088084
7.125 0.7823087527713296
7.135 0.6388363068412964
7.1450000000000005 0.6493003024056309
7.155 0.5375360582265146
7.165 0.43857544579306584
7.175 0.4434281461268102
7.1850000000000005 0.49671184236738936
7.195 0.32015366672341683
7.205 0.18071636886814746
7.215 0.1982373468118474
7.2250000000000005 0.15575494823410155
7.235 0.065714290323909
7.245 0.08340564863035689
7.255 0.059411343677703704
7.265000000000001 0.06517269142436993
7.275 0.047268105950232564
7.285 0.023569213364333073
7.295 0.03525696032621932
7.305 0.005860083019120404
7.315 0.005844071873304093
7.325 0.029140631286812158
7.335 0.01743673744255117
7.345 0.028982150945436227
7.355 0.03468407417880583
7.365 0.017294975959327722
7.375 0.0517443184035127
7.385 0.04587047087853161
7.3950000000000005 0.1372394901254455
7.405 0.13116619531600845
7.415 0.24456277638545088
7.425 0.34033181182011923
7.4350000000000005 0.45821287157838747
7.445 0.5754597852622944
7.455 0.5682903613187902
7.465 0.7351160139166355
7.4750000000000005 1.0073823172898817
7.485 1.278191971644173
7.495 1.3805515218869167
7.505 1.9098588091436957
7.515000000000001 2.2480826644436487
7.525 2.440919595740517
7.535 3.012763396899974
7.545 3.3014155857420873
7.555 3.4241698077960794
7.565 3.879579874877035
7.575 4.321675229852742
7.585 4.245062392573625
7.595 5.06332184914323
7.605 5.298730768921369
7.615 5.360320823463148
7.625 5.1902924855205725
7.635 5.112331802277806
7.6450000000000005 5.09361579979662
7.655 4.744119130688649
7.665 4.774328967700071
7.675 4.422139602426482
7.6850000000000005 4.23590741478742
7.695 3.923880578245313
7.705 3.5291793763522907
7.715 3.173286572464465
7.7250000000000005 2.6567775912072205
7.735 2.414713199083728
7.745 1.9966417428721688
7.755 1.62231508537206
7.765000000000001 1.6388846194042597
7.775 1.044948269768106
7.785 0.9648695259470762
7.795 0.7822680023399541
7.805000000000001 0.6211318125897402
7.815 0.4300961342798875
7.825 0.3779264127474327
7.835 0.3260214618631201
7.845 0.22356869863947287
7.855 0.16724986638827644
7.865 0.1263824509020106
7.875 0.08067947739682639
7.885 0.035207797970903384
7.8950000000000005 0.06020342460483764
7.905 0.06505547060754181
7.915 0.029949779632392884
7.925 0.01991616285919571
7.9350000000000005 0.02483249528584859
7.945 0.029724028359099996
7.955 0.05435713233518398
7.965 0.04929157096337647
7.9750000000000005 0.0934192631869397
7.985 0.06866294315311088
7.995 0.1271981023573821
8.005 0.11712046547494152
8.015 0.15577119285369062
8.025 0.19422902496429495
8.035 0.19374586843523595
8.045 0.2850651559202031
8.055 0.24580080893909217
8.065 0.27403771247979763
8.075 0.39325387606800205
8.085 0.45925659991626555
8.095 0.4056294151487044
8.105 0.5283979966146483
8.115 0.4463700296512286
8.125 0.554221468376292
8.135 0.5481344485821561
8.145 0.5420756328911874
8.155 0.5125341289762917
8.165000000000001 0.5441139165762994
8.175 0.5802169147011484
8.185 0.6068064770714567
8.195 0.4376975956060059
8.205 0.42734131279444004
8.215 0.4772723913321151
8.225 0.40215332417037747
8.235 0.3273975049282962
8.245000000000001 0.2944034383291937
8.255 0.3349908376854225
8.265 0.1968461675464763
8.275 0.2237712558888718
8.285 0.24601011194259673
8.295 0.11816389326412334
8.305 0.10881184963083765
8.315 0.09045856900893434
8.325 0.12633793434191679
8.335 0.09452622436484287
8.345 0.04490467350237153
8.355 0.05823641993662675
8.365 0.06703530562802595
8.375 0.040125190144686976
8.385 0.04002954015393108
8.395 0.062119916086776715
8.405 0.05311901782445884
8.415000000000001 0.11040175926008075
8.425 0.13657339354134865
8.435 0.11427399230753696
8.445 0.14469677722023513
8.455 0.23621678937876112
8.465 0.2967557989559447
8.475 0.36571611612347094
8.485 0.4734422713805886
8.495000000000001 0.5719938925740873
8.505 0.7608661422994133
8.515 0.8669039462792894
8.525 0.981048095221388
8.535 1.3951488242049528
8.545 1.54178066179188
8.555 1.828723175798161
8.565 1.6923103082825592
8.575000000000001 2.0881296615152607
8.585 2.0705391705933716
8.595 2.4720958930107657
8.605 2.567710506236445
8.615 2.71343568403356
8.625 2.808034784812716
8.635 2.9776791049562656
8.645 3.263689513607463
8.655 2.830347618766589
8.665000000000001 2.890457347524336
8.675 2.8297780525253593
8.685 2.9559297828970896
8.695 2.5231024859157083
8.705 2.4719148170103384
8.715 2.1945054083878874
8.725 2.037487883241555
8.735 1.9139707282899474
8.745000000000001 1.6110937908874923
8.755 1.3830300842602434
8.765 1.21705884620559
8.775 1.0883905786500414
8.785 0.8833182270165968
8.795 0.7479012706168761
8.805 0.572761547916617
8.815 0.4386580413410492
8.825000000000001 0.42160339702726485
8.835 0.35655056552351905
8.845 0.2877935475858514
8.855 0.18345304787882677
8.865 0.17508116492450126
8.875 0.142925594844547
8.885 0.15448772363345492
8.895 0.11856966181216384
8.905 0.16562491720647893
8.915000000000001 0.161318952449294
8.925 0.18058663838793404
8.935 0.22326979502947442
8.945 0.2618534767984425
8.955 0.3314606496604503
8.965 0.4318835106700334
8.975 0.42703945555644546
8.985 0.5926516530890793
8.995000000000001 0.6222541087794756
9.005 0.7327070985159402
9.015 0.9003857806517558
9.025 1.051962780354938
9.035 1.0611277887441628
9.045 1.2307871747428774
9.055 1.3043478589360562
9.065 1.5107726807028978
9.075000000000001 1.6137635271819462
9.085 1.7200862441924745
9.095 1.7125254270568175
9.105 1.84456172298247
9.115 1.8593358215852267
9.125 1.7050390900413177
9.135 1.6675817795344146
9.145 1.7723731238533178
9.155 1.6192625289957772
9.165000000000001 1.4891528831405414
9.175 1.3670358592213911
9.185 1.3529407486131044
9.195 1.091095546297322
9.205 1.00384244005355
9.215 1.0532211905555384
9.225 0.7679939007087527
9.235 0.7589982603726665
9.245000000000001 0.6475952730128556
9.255 0.6133391264597629
9.265 0.4152964692780282
9.275 0.35987492963983664
9.285 0.32645470207888316
9.295 0.22078790669829837
9.305 0.17336152460162466
9.315 0.14415792025455682
9.325000000000001 0.13665645517057812
9.335 0.1363638290401741
9.345 0.09668283760657834
9.355 0.16079375070903223
9.365 0.188975081770753
9.375 0.2134779056371716
9.385 0.23787592205932295
9.395 0.24445546903651666
9.405 0.3358537807898805
9.415000000000001 0.40922445286208475
9.425 0.44355968220227693
9.435 0.49179993051642296
9.445 0.6590193420314862
9.455 0.7275862868786095
9.465 0.8656746117656835
9.475 0.8917143687199378
9.485 0.9871608116526297
9.495000000000001 1.1307638056249762
9.505 1.2841445241050524
9.515 1.3367112920256736
9.525 1.5820745851445577
9.535 1.5202853545172883
9.545 1.8054194464166455
9.555 1.688611621473131
9.565 1.763697057582296
9.575000000000001 1.5928818099536037
9.585 1.6882691308701443
9.595 1.6202150374670712
9.605 1.5151548576441147
9.615 1.325963983630629
9.625 1.127429069448564
9.635 1.0678249456520523
9.645 1.0925042500586255
9.655 0.9560586650223406
9.665000000000001 0.8536516851516377
9.675 0.6581251948934657
9.685 0.633429943196693
9.695 0.4591215713184291
9.705 0.42497475167813803
9.715 0.3180752387561304
9.725 0.3504861687219742
9.735 0.21777913207667096
9.745000000000001 0.200867829611072
9.755 0.18402537802652147
9.765 0.16069258008336462
9.775 0.12436389162373063
9.785 0.19269683914777314
9.795 0.16622851867592742
9.805 0.16914236043149242
9.815 0.21424345684696722
9.825000000000001 0.2559211701019427
9.835 0.30389486706736674
9.845 0.4032949758832717
9.855 0.5119506595603094
9.865 0.5205531456281088
9.875 0.641357277384395
9.885 0.7008660246425662
9.895 0.8048467297249372
9.905 0.9817162886751523
9.915000000000001 1.071984989052181
9.925 1.079349578975353
9.935 1.235586357552178
9.945 1.1761903322874985
9.955 1.4735965373231168
9.965 1.4674913539798249
9.975 1.433122368413889
9.985 1.4522088976027971
9.995000000000001 1.5901656074180461
10.005 1.5401285591078027