0.005 0.0
0.015 0.0
0.025 0.0
0.035 0.0
0.045 0.0
0.055 0.0
0.065 0.0
0.075 0.0
0.085 0.0
0.095 0.0
0.105 0.0
0.115 0.0
0.125 0.0
0.135 0.0
0.145 0.0
0.155 0.0
0.165 0.0
0.17500000000000002 0.0
0.185 0.0
0.195 0.0
0.20500000000000002 0.0
0.215 0.0
0.225 0.0
0.23500000000000001 0.0
0.245 0.0
0.255 0.0
0.265 0.0
0.275 0.0
0.28500000000000003 0.0
0.295 0.0
0.305 0.0
0.315 0.0
0.325 0.0
0.335 0.0
0.34500000000000003 0.0
0.355 0.0
0.365 0.0
0.375 0.0
0.385 0.0
0.395 0.0
0.405 0.0
0.41500000000000004 0.0
0.425 0.0
0.435 0.0
0.445 0.0
0.455 0.0
0.465 0.0
0.47500000000000003 0.0
0.485 0.0
0.495 0.0
0.505 0.0
0.515 0.0
0.525 0.0
0.535 0.0
0.545 0.0
0.555 0.0
0.5650000000000001 0.0
0.5750000000000001 0.0
0.585 0.0
0.595 0.0
0.605 0.0
0.615 0.0
0.625 0.0
0.635 0.0
0.645 0.0
0.655 0.0
0.665 0.0
0.675 0.0
0.685 0.0
0.6950000000000001 0.0
0.705 0.0
0.715 0.0
0.725 0.0
0.735 0.0
0.745 0.0
0.755 0.0
0.765 0.0
0.775 0.0
0.785 0.0
0.795 0.0
0.805 0.0
0.8150000000000001 0.0
0.8250000000000001 0.0
0.835 0.0
0.845 0.0
0.855 0.0
0.865 0.0
0.875 0.0
0.885 0.0
0.895 0.0
0.905 0.0
0.915 0.0
0.925 0.0
0.935 0.0
0.9450000000000001 0.0
0.9550000000000001 0.0
0.965 0.0
0.975 0.0
0.985 0.0
0.995 0.0
1.0050000000000001 0.0
1.0150000000000001 0.0
1.025 0.0
1.035 0.0
1.045 0.0
1.055 0.0
1.065 0.0
1.075 0.0
1.085 0.0
1.095 0.0
1.105 0.0
1.115 0.0
1.125 0.0
1.135 0.0
1.145 0.0
1.155 0.0
1.165 0.0
1.175 0.0
1.185 0.0
1.195 0.0
1.205 0.0
1.215 0.0
1.225 0.0
1.235 0.0
1.245 0.0
1.2550000000000001 0.0
1.2650000000000001 0.0
1.2750000000000001 0.0
1.285 0.0
1.295 0.0
1.305 0.0
1.315 0.0
1.325 0.0
1.335 0.0
1.345 0.0
1.355 0.0
1.365 0.0
1.375 0.0
1.385 0.0
1.395 0.0
1.405 0.0
1.415 0.0
1.425 0.0
1.435 0.0
1.445 0.0
1.455 0.0
1.465 0.0
1.475 0.0
1.485 0.0
1.495 0.0
1.5050000000000001 0.0
1.5150000000000001 0.0
1.5250000000000001 0.0
1.5350000000000001 0.0
1.545 0.0
1.555 0.0
1.565 0.0
1.575 0.0
1.585 0.0
1.595 0.0
1.605 0.0
1.615 0.0
1.625 0.0
1.635 0.0
1.645 0.0
1.655 0.0
1.665 0.0
1.675 0.0
1.685 0.0
1.695 0.0
1.705 0.0
1.715 0.0
1.725 0.0
1.735 0.0
1.745 0.0
1.7550000000000001 0.0
1.7650000000000001 0.0
1.7750000000000001 0.0
1.7850000000000001 0.0
1.795 0.0
1.805 0.0
1.815 0.0
1.825 0.0
1.835 0.0
1.845 0.0
1.855 0.0
1.865 0.0
1.875 0.0
1.885 0.0
1.895 0.0
1.905 0.0
1.915 0.0
1.925 0.0
1.935 0.0
1.945 0.0
1.955 0.0
1.965 0.0
1.975 0.0
1.985 0.0
1.995 0.0
2.005 0.0
2.015 0.0
2.025 0.0
2.035 0.0
2.045 0.0
2.055 0.0
2.065 0.0
2.075 0.0
2.085 0.0
2.095 0.0
2.105 0.0
2.115 0.0
2.125 0.0
2.1350000000000002 0.0
2.145 0.0
2.1550000000000002 0.0
2.165 0.0
2.1750000000000003 0.0
2.185 0.0
2.195 0.0
2.205 0.0
2.215 0.0
2.225 0.0
2.235 0.0
2.245 0.0
2.255 0.0
2.265 0.0
2.275 0.0
2.285 0.0
2.295 0.0
2.305 0.0
2.315 0.0
2.325 0.0
2.335 0.0
2.345 0.0
2.355 0.0
2.365 0.0
2.375 0.0
2.3850000000000002 0.0
2.395 0.0
2.4050000000000002 0.0
2.415 0.0
2.4250000000000003 0.0
2.435 0.0
2.445 0.0
2.455 0.04024476140886161
2.465 0.0
2.475 0.03959696986487265
2.485 0.03927892363094348
2.495 0.07792938784903626
2.505 0.07730843984996429
2.515 0.1917372100923181
2.525 0.38044301769224853
2.535 0.603915870269067
2.545 0.7864228307046559
2.555 0.7431227940112438
2.565 1.5115465214234787
2.575 1.4632479662772908
2.585 2.1779232158203476
2.595 2.341267546845876
2.605 3.2884011330576413
2.615 3.8308292100325225
2.625 4.7169210589403505
2.6350000000000002 4.9606608296033246
2.645 5.789986505216391
2.6550000000000002 7.363718187320751
2.665 8.572188956194735
2.6750000000000003 8.847190511347762
2.685 10.530965885163699
2.695 10.58654323017475
2.705 13.42557639396001
2.715 14.149505006814955
2.725 14.470487953477818
2.735 17.18595518055049
2.745 15.676775308813422
2.755 17.928011762837535
2.765 18.211012738333995
2.775 19.93839591711892
2.785 20.045648664590644
2.795 21.485969611529462
2.805 21.918779109029508
2.815 22.773439672366774
2.825 24.55765836679208
2.835 24.897762633724106
2.845 24.00382643854173
2.855 24.133545829298917
2.865 24.99963223760176
2.875 24.708643650586364
2.8850000000000002 25.7324764620771
2.895 24.45524913020929
2.9050000000000002 24.459625776207236
2.915 25.633726304945412
2.9250000000000003 23.190712411977938
2.935 23.201898940127787
2.945 23.520033213436466
2.955 23.027781292543594
2.965 23.038257007953135
2.975 21.78741621617589
2.985 20.55279189882305
2.995 21.010670515200378
3.005 21.032231773384456
3.015 19.18522114986137
3.025 18.236867181897207
3.035 19.24919374089054
3.045 18.756729782410158
3.055 17.282707458954047
3.065 16.782821059776037
3.075 16.18645285620449
3.085 15.903284310149505
3.095 15.44618033347022
3.105 14.617244062744849
3.115 14.298566654812321
3.125 12.170505486921522
3.1350000000000002 13.672478734815506
3.145 12.604754863227026
3.1550000000000002 12.549345862733356
3.165 11.816394516409149
3.1750000000000003 11.86238598984574
3.185 10.71202886593627
3.1950000000000003 10.763885588341287
3.205 10.413461598963254
3.215 9.668249777321314
3.225 9.67834861135247
3.235 8.853752908988554
3.245 9.789762016950187
3.255 8.264523614493214
3.265 7.758908292464724
3.275 7.734212680039084
3.285 6.810586226457201
3.295 6.791651030360478
3.305 6.484142384406399
3.315 6.8423809428024915
3.325 6.143096748346581
3.335 5.582913689711702
3.345 5.397836551919321
3.355 4.913177189602943
3.365 4.9482823611263385
3.375 5.046768972630064
3.3850000000000002 4.5301132774712904
3.395 3.872138671985959
3.4050000000000002 4.3306067773516395
3.415 3.8269170345816876
3.4250000000000003 4.321532429381211
3.435 4.008609692844686
3.4450000000000003 3.7401178139115543
3.455 3.9420150112365104
3.465 3.7778766829543855
3.475 4.037375007452055
3.485 3.2752988718098828
3.495 3.15729686441171
3.505 3.060330350589598
3.515 2.964414617340959
3.525 3.591800772430109
3.535 3.16389038691903
3.545 2.9144535008786656
3.555 2.9940431306433433
3.565 3.149035390519513
3.575 2.6190251046596638
3.585 2.8875251770248327
3.595 2.8527155464235117
3.605 2.2396666331822455
3.615 2.078806628212792
3.625 2.3257723243737916
3.6350000000000002 2.606706833865721
3.645 2.428115010068204
3.6550000000000002 2.2877494627663255
3.665 2.636438098018609
3.6750000000000003 2.855585183616096
3.685 2.7150716029006325
3.6950000000000003 2.291783087537569
3.705 2.6328282578891233
3.715 2.425348426839825
3.725 2.3948631559121343
3.735 2.3125073387732913
3.745 2.4731194088165602
3.755 2.4599645494430833
3.765 2.3955805024107444
3.775 2.876507357126811
3.785 2.725880457926235
3.795 2.5262736818751623
3.805 2.513012433237182
3.815 2.666512352226564
3.825 2.7520600888688374
3.835 2.803695787711285
3.845 2.789131167107348
3.855 3.117434299148487
3.865 2.825289529076387
3.875 3.069183796151472
3.8850000000000002 2.4427231725803638
3.895 2.9098404438013743
3.9050000000000002 2.6245483682925257
3.915 2.785235034148773
3.9250000000000003 2.8812734877996573
3.935 3.2269368289682343
3.9450000000000003 2.9924019665805703
3.955 3.2874231135353766
3.9650000000000003 3.2091474491193908
3.975 3.6689040685465173
3.985 3.192290144803566
3.995 3.4346903942391407
4.005 3.553657318766873
4.015 3.4607439050148168
4.025 3.263904561367546
4.035 3.6946842636086656
4.045 3.6023171934392377
4.055 3.112529444335344
4.065 3.420168892026747
4.075 3.505651562468718
4.085 3.8518954052716126
4.095 3.948822107697863
4.105 4.073548095156711
4.115 3.6670178408632945
4.125 3.8630837434427727
4.135 3.9720960555913196
4.1450000000000005 3.868247315541316
4.155 3.8917994612344735
4.165 3.9430459545663474
4.175 3.7850244320565065
4.1850000000000005 4.223978106006847
4.195 3.8455017887836145
4.205 4.019280960605365
4.215 4.041190281017916
4.225 3.6959681934471527
4.235 3.989586955943008
4.245 4.172718182319726
4.255 3.657432070532327
4.265 4.253685369761112
4.275 4.047998599783695
4.285 3.897024326168765
4.295 4.339106980494103
4.305 3.8739869607762096
4.315 3.8690790703233966
4.325 3.734504792438903
4.335 3.5624078266499413
4.345 3.109199313407035
4.355 3.683230757913114
4.365 3.500877852143882
4.375 3.383513456035138
4.385 3.532088674167295
4.3950000000000005 3.804850811665244
4.405 3.337583961429183
4.415 3.397144309685207
4.425 3.2827067597419934
4.4350000000000005 3.3542422276865156
4.445 3.6215230408456205
4.455 2.945332936036678
4.465 3.333653100797676
4.4750000000000005 3.05230010184387
4.485 3.3642795756321187
4.495 3.2772987036921166
4.505 3.382280462859769
4.515 3.319720091295335
4.525 3.210294668022435
4.535 3.0782132198580023
4.545 3.3699766896392815
4.555 3.086312801608135
4.565 3.177560733267049
4.575 3.0362104593675427
4.585 3.4152760241283553
4.595 3.365963234000183
4.605 3.694503080564435
4.615 3.450738094387482
4.625 3.662619720308392
4.635 3.5452180604419654
4.6450000000000005 3.8447442144036423
4.655 3.7498873368566037
4.665 3.678099112349534
4.675 4.028618840452263
4.6850000000000005 4.077744036361221
4.695 4.192437227320876
4.705 3.944536982274307
4.715 4.124214010958982
4.7250000000000005 4.117639985400929
4.735 4.576286330362918
4.745 4.912529810636957
4.755 5.235179412808799
4.765 5.09571769765506
4.775 5.414817479550747
4.785 5.381614941015944
4.795 5.6229313209460825
4.805 5.736125601983383
4.815 6.245893037068666
4.825 6.042910376087621
4.835 6.22545486999266
4.845 6.8714260780918375
4.855 6.462402028197579
4.865 6.4973515583222365
4.875 7.399486201287672
4.885 7.165933599866782
4.8950000000000005 7.794677159756992
4.905 8.367830393200869
4.915 7.892022273945352
4.925 7.940006061475124
4.9350000000000005 8.16680789948933
4.945 8.054456489705261
4.955 8.298598848272121
4.965 8.32424130180458
4.9750000000000005 9.055211641601455
4.985 9.1165255972933
4.995 9.536979028151901
5.005 9.40207848559072
5.015 9.316398530728742
5.025 9.413838654866238
5.035 9.395617879348245
5.045 9.396527346638228
5.055 9.368879249667241
5.065 9.227918019735908
5.075 9.709556248931595
5.085 10.159196312793181
5.095 9.57741485491247
5.105 9.5864661566894
5.115 9.67881156320155
5.125 10.287509849218441
5.135 9.447183713591203
5.1450000000000005 9.57543132691858
5.155 9.848654894879306
5.165 9.31957329904925
5.175 9.3288762423473
5.1850000000000005 9.365104932868432
5.195 9.616687203284389
5.205 9.731972951939566
5.215 8.651191511134554
5.2250000000000005 8.85799409834467
5.235 8.31969298052793
5.245 8.878739301156026
5.255 8.256485684478422
5.265 8.338903910150108
5.275 7.888900375269637
5.285 7.737497854363908
5.295 7.595833008218608
5.305 8.032633603048023
5.315 7.813537069606534
5.325 8.049394673306415
5.335 7.482358139354215
5.345 7.403445600242042
5.355 7.350445304941215
5.365 6.674189811472703
5.375 6.52344352242294
5.385 6.917464195021028
5.3950000000000005 6.908511082096404
5.405 6.874668589206399
5.415 7.080919706165641
5.425 6.848798141490056
5.4350000000000005 6.470531392054886
5.445 6.790396789366767
5.455 6.08897121202492
5.465 6.180408105730705
5.4750000000000005 6.117392948777183
5.485 6.175730502566415
5.495 6.442461105842318
5.505 6.40306884563539
5.515 5.917328818653985
5.525 6.118415864071795
5.535 5.874643098947683
5.545 5.672031344070353
5.555 5.98962562205254
5.565 5.717489244940091
5.575 6.204263283247918
5.585 5.987661006880143
5.595 6.144489980729434
5.605 6.145746876443946
5.615 5.423784572286869
5.625 5.749486331735219
5.635 5.667987723961433
5.6450000000000005 5.739265161696332
5.655 5.4762695461721
5.665 6.099391974344502
5.675 6.251139615048001
5.6850000000000005 5.5312003318011564
5.695 5.848333565353046
5.705 5.641536745498713
5.715 6.059970763463356
5.7250000000000005 5.735397999124279
5.735 5.5900436814211
5.745 5.842515905455499
5.755 5.836876530330431
5.765 6.108571706148168
5.775 5.883793015498798
5.785 5.885212448706314
5.795 6.0816028187616995
5.805 5.967094632798552
5.815 5.745739357916627
5.825 5.625948038952027
5.835 5.677922295607778
5.845 5.850204198567984
5.855 5.1651377245740475
5.865 5.761013180439114
5.875 5.734390477126537
5.885 5.336725720078675
5.8950000000000005 5.325614977913901
5.905 5.5719288075411315
5.915 5.5045757364329155
5.925 5.513647907380437
5.9350000000000005 5.412450619986739
5.945 4.989345065228433
5.955 5.246198037864062
5.965 4.969577651576825
5.9750000000000005 5.326636889911814
5.985 5.058306506153622
5.995 4.8254799632857575
6.005 4.910318769553102
6.015000000000001 5.168874231491571
6.025 4.603816129436019
6.035 4.721766834332262
6.045 4.805723802899805
6.055 4.45907167540773
6.065 4.774081270227841
6.075 4.442904556798602
6.085 4.5724304700577045
6.095 4.263621213543276
6.105 4.3668073932934135
6.115 4.1125310389776395
6.125 4.584024214406897
6.135 4.407982095942136
6.1450000000000005 4.297295295026803
6.155 4.072057069813971
6.165 4.097148653609711
6.175 4.452838783662283
6.1850000000000005 4.34334191792453
6.195 4.183966746146265
6.205 4.271289210142334
6.215 4.144522734863687
6.2250000000000005 4.12495827664706
6.235 3.8122480586737404
6.245 4.135896075422138
6.255 4.283869942238695
6.265000000000001 3.979757179772956
6.275 3.960922738112889
6.285 4.35974053478439
6.295 4.205117420979614
6.305 4.130773157604794
6.315 4.446144025483989
6.325 4.316898066213613
6.335 4.061522793420274
6.345 4.229477508301179
6.355 4.366326038916237
6.365 4.244849336113352
6.375 4.7567552321716216
6.385 4.587176349707192
6.3950000000000005 4.513530910845659
6.405 4.64134926661019
6.415 4.190724796365446
6.425 4.665380836976529
6.4350000000000005 4.322869472478345
6.445 4.712382718299218
6.455 4.313587165494787
6.465 4.573008650234915
6.4750000000000005 4.7787396004437745
6.485 4.63135902289104
6.495 4.795353243726656
6.505 4.654513479243593
6.515000000000001 4.925964649736372
6.525 5.25839897261659
6.535 4.6573141588074325
6.545 4.682729526139034
6.555 4.600712372534902
6.565 5.0200525107151455
6.575 5.077733827142225
6.585 4.939261411928618
6.595 4.901986857148249
6.605 4.770396870273612
6.615 4.8058727586274435
6.625 4.846639261543915
6.635 4.953255216020576
6.6450000000000005 4.921878714473522
6.655 4.8359015701790335
6.665 4.848702378708807
6.675 4.861404828497137
6.6850000000000005 4.542924343161473
6.695 4.810757526064963
6.705 4.893533802626123
6.715 4.814418857333434
6.7250000000000005 4.558765141179467
6.735 4.374122828637556
6.745 4.798345020509998
6.755 4.433311169289421
6.765000000000001 4.510314538174353
6.775 4.766513309328449
6.785 4.694516521835367
6.795 4.6859624514025136
6.805 4.509825777484926
6.815 4.533158219014626
6.825 4.311594389099463
6.835 4.703964470583349
6.845 4.22949021714592
6.855 4.341041632649785
6.865 4.379871313790024
6.875 4.3260849517497855
6.885 3.9348784800686274
6.8950000000000005 4.209187595105994
6.905 4.563288764189451
6.915 3.9413910370604226
6.925 3.9148423714182012
6.9350000000000005 4.34233270720541
6.945 4.013019467963438
6.955 4.056646164053613
6.965 3.995005794893596
6.9750000000000005 4.103215128988052
6.985 3.9473038461574603
6.995 3.9161969972955744
7.005 3.998942126983157
7.015000000000001 4.002336093196994
7.025 4.3349970379281295
7.035 3.9698097370975143
7.045 3.919451103949899
7.055 3.801136313423003
7.065 3.829259187537694
7.075 4.143106569828905
7.085 3.967129032167911
7.095 3.994501692309117
7.105 3.906386944201858
7.115 4.091861644589649
7.125 4.099495647169328
7.135 3.9498395578291365
7.1450000000000005 4.22386641111534
7.155 4.060452416472335
7.165 4.091649108940825
7.175 4.056693729447094
7.1850000000000005 4.101791483973904
7.195 4.1794211712036065
7.205 4.326691167956881
7.215 4.221515689711534
7.2250000000000005 4.326003427669793
7.235 4.272349091193906
7.245 4.242079302407079
7.255 4.456198439302755
7.265000000000001 4.3428362382934615
7.275 4.34465428297968
7.285 4.236756497446912
7.295 4.47583200811387
7.305 4.386314377849362
7.315 4.5783142165797575
7.325 4.290064654154246
7.335 4.711171751282319
7.345 4.765792707069563
7.355 4.900808033196507
7.365 4.914338571909269
7.375 4.972373027423279
7.385 4.927783796350922
7.3950000000000005 5.0297868617769055
7.405 4.9542826636922035
7.415 4.9718096152243305
7.425 4.980424898904009
7.4350000000000005 5.1118354401254775
7.445 4.936198100810697
7.455 5.472869924142901
7.465 5.014247197443553
7.4750000000000005 5.265641557729394
7.485 5.3468282509284
7.495 5.958661271249758
7.505 5.637040298613704
7.515000000000001 5.746600812462837
7.525 5.718487072730608
7.535 5.498255537329186
7.545 5.611515586949316
7.555 6.081120138655069
7.565 5.861613821316417
7.575 6.235045589579985
7.585 6.172239847380106
7.595 6.273734770167996
7.605 6.4124196528832185
7.615 6.470880600338222
7.625 6.587419516413288
7.635 6.416219004241751
7.6450000000000005 6.619399554563903
7.655 6.7635475994938075
7.665 6.869765179810161
7.675 7.074231702603426
7.6850000000000005 6.924409057062374
7.695 6.8163041828531385
7.705 7.064193660097392
7.715 6.8951129928567
7.7250000000000005 6.877273124443933
7.735 7.03382781842994
7.745 6.950978137998344
7.755 7.102457471493935
7.765000000000001 7.24911111839487
7.775 6.925527953166618
7.785 6.923756087970633
7.795 7.101606426665784
7.805000000000001 7.103328937788404
7.815 6.862757681886031
7.825 6.734310246486678
7.835 7.049036184121966
7.845 6.711840752681243
7.855 6.549309436088844
7.865 6.818910967020193
7.875 6.8172489584805644
7.885 6.491765429433201
7.8950000000000005 6.525919109260761
7.905 6.517181861248872
7.915 6.438775805543644
7.925 6.322124301851193
7.9350000000000005 6.337017888005201
7.945 6.4670944833287285
7.955 6.167207621411435
7.965 6.029385142464806
7.9750000000000005 5.499418501834031
7.985 5.888897687686939
7.995 5.726182658771287
8.005 5.689173808852502
8.015 5.5466100789579125
8.025 5.352009676816815
8.035 5.519032200664682
8.045 5.4678436734773435
8.055 5.304741194633536
8.065 5.14615944228477
8.075 4.995786218110907
8.085 4.998278399787899
8.095 5.0932808326765
8.105 5.09918226363198
8.115 4.891408367784569
8.125 4.79486813446818
8.135 4.698787517565164
8.145 4.486165397938703
8.155 4.5845872569924655
8.165000000000001 4.6679605209306
8.175 4.355305459281514
8.185 4.312084774521103
8.195 4.1173693952777635
8.205 4.107339267734272
8.215 4.04343330243895
8.225 4.22004951338238
8.235 3.9200918615566547
8.245000000000001 3.9997899958197167
8.255 4.0185806066107
8.265 3.9733540783075294
8.275 3.896454218317063
8.285 3.9612612425204925
8.295 3.916464335144976
8.305 3.7487875511413873
8.315 3.683644323918645
8.325 3.846290712805256
8.335 3.7009017455911057
8.345 3.7825967203432325
8.355 3.8534660426214877
8.365 3.826926149774408
8.375 3.631052819527285
8.385 3.7086447067270556
8.395 3.6378642203841447
8.405 3.54680886397868
8.415000000000001 3.874068215527578
8.425 3.810201535692998
8.435 3.552306615818171
8.445 3.615320938027838
8.455 3.6882064245643815
8.465 3.7607376151566583
8.475 3.765376030532391
8.485 3.7295533822345783
8.495000000000001 3.7443059211864504
8.505 3.695267300961059
8.515 3.7735724759869216
8.525 3.6645990561244943
8.535 3.5794336297096203
8.545 3.8467797937573196
8.555 3.642256823885339
8.565 3.8585934480408306
8.575000000000001 3.935365621870811
8.585 3.7715243844451587
8.595 3.9269223980355163
8.605 4.065209517807422
8.615 3.98060996965648
8.625 3.919215661661391
8.635 4.134602554578707
8.645 3.6966355083765037
8.655 3.9439013746490987
8.665000000000001 3.980031194188538
8.675 4.235154913939291
8.685 4.145015646241882
8.695 4.183611241280695
8.705 4.145196475031899
8.715 4.129301983132956
8.725 4.138959555923377
8.735 4.34565854268646
8.745000000000001 4.167625059070762
8.755 4.240386085429273
8.765 4.353848657572273
8.775 4.378581657374024
8.785 4.246046254713592
8.795 4.430812557546569
8.805 4.211135764294396
8.815 4.345177338126823
8.825000000000001 4.2886185137895545
8.835 4.325527043915226
8.845 4.303350259957546
8.855 4.315289939792058
8.865 4.53395515547451
8.875 4.425200462923948
8.885 4.427535184521285
8.895 4.248975531312785
8.905 4.643193991283779
8.915000000000001 4.159738844120975
8.925 4.323991183816089
8.935 4.560416240903291
8.945 4.247079110316714
8.955 4.158956932238566
8.965 4.240222457252469
8.975 4.411452584572172
8.985 4.5578740872722125
8.995000000000001 4.373869913491427
9.005 4.429967397185163
9.015 4.38134547617607
9.025 4.19296405781083
9.035 4.263914556219836
9.045 4.159617865424983
9.055 4.2983483725067115
9.065 4.395132651695113
9.075000000000001 4.317711390628873
9.085 4.190661370835495
9.095 4.2958105926521855
9.105 4.140086798460905
9.115 4.332449027527399
9.125 4.293828005157177
9.135 4.147818810274075
9.145 4.153254128909795
9.155 4.207853552413182
9.165000000000001 4.201563794627804
9.175 4.134782434742756
9.185 4.177535994343851
9.195 4.265995657076425
9.205 4.193753951464367
9.215 4.156092664130191
9.225 3.97037268749328
9.235 3.9759991221716904
9.245000000000001 4.083756803568096
9.255 4.0381234111439115
9.265 4.1283097653887495
9.275 4.192721739307331
9.285 3.9445467347244034
9.295 4.143816141574378
9.305 4.022856986653891
9.315 4.0729280861752715
9.325000000000001 4.153458979096573
9.335 4.127864333753993
9.345 4.144032194030151
9.355 4.0603451284614795
9.365 3.985302820418821
9.375 3.9685261145501642
9.385 4.169368016546745
9.395 4.144008924945914
9.405 3.9021163063241495
9.415000000000001 4.079903624814845
9.425 3.8746509716368096
9.435 4.103496549988092
9.445 3.847383031073512
9.455 3.9450657896969155
9.465 3.980054400469252
9.475 4.028395630978903
9.485 4.181672700215688
9.495000000000001 4.0544899144224775
9.505 4.008376208011843
9.515 4.026746647552409
9.525 4.0209694925864845
9.535 4.124592098213671
9.545 4.1026425879326345
9.555 3.9532516348419167
9.565 4.0510379939747425
9.575000000000001 4.061100391276953
9.585 3.94702492805093
9.595 4.0968809709534515
9.605 3.9568963368329246
9.615 4.129705310295776
9.625 4.225858640836748
9.635 4.235381041635958
9.645 4.02844029417804
9.655 4.288106497135547
9.665000000000001 4.0922806309216
9.675 3.9698100756791668
9.685 4.072810651714199
9.695 3.981834554942401
9.705 4.045740449431644
9.715 4.042555814651113
9.725 4.031681667340663
9.735 4.069472563855455
9.745000000000001 4.027920764656553
9.755 4.134368802017604
9.765 4.0038070987621115
9.775 4.026081512240103
9.785 4.131856344693116
9.795 4.141121086395766
9.805 4.014097309445235
9.815 4.134333036151478
9.825000000000001 4.095768477920065
9.835 3.921939890824446
9.845 4.1216875963154616
9.855 4.023418387318845
9.865 4.222135238903762
9.875 4.171303283644059
9.885 4.195138184324829
9.895 4.142071481941729
9.905 4.143601370836713
9.915000000000001 3.962534144312566
9.925 4.040735878697574
9.935 3.9515111822618834
9.945 4.071096781818474
9.955 4.153480993831068
9.965 4.081640567931277
9.975 4.261166789997338
9.985 4.033678700969892
9.995000000000001 4.028039338627787
10.005 4.092685547743858

