1 0.12232907861471176
2 0.12232907116413116
3 0.12232907116413116
4 0.12232907116413116
5 0.12232907116413116
6 0.12232907116413116
7 0.12232907116413116
8 0.12232907116413116
9 0.12232907116413116
10 0.12232904136180878
11 0.3581327199935913
12 0.6038063764572144
13 0.7203754186630249
14 0.8820663094520569
15 0.9979364275932312
16 1.1597480773925781
17 1.2817425727844238
18 1.4056364297866821
19 1.542839765548706
20 1.7230627536773682
21 1.920174479484558
22 2.0513391494750977
23 2.0563130378723145
24 2.229079008102417
25 2.3380582332611084
26 2.432638168334961
27 2.831204414367676
28 2.9023778438568115
29 3.0183982849121094
30 3.070112943649292
31 3.0919766426086426
32 3.137995481491089
33 3.172846555709839
34 3.172921895980835
35 3.228832960128784
36 3.3196828365325928
37 3.4519717693328857
38 3.492072105407715
39 3.576353073120117
40 3.638939142227173
41 3.703873872756958
42 3.7557833194732666
43 3.777942180633545
44 3.8530824184417725
45 3.939547300338745
46 3.980165481567383
47 4.01991081237793
48 4.120138168334961
49 4.1862382888793945
50 4.215480327606201
51 4.250482559204102
52 4.22069787979126
53 4.286588191986084
54 4.355801582336426
55 4.431403636932373
56 4.464065074920654
57 4.514010906219482
58 4.536431789398193
59 4.563803672790527
60 4.612226963043213
61 4.702324390411377
62 4.74988317489624
63 4.842184543609619
64 4.854872226715088
65 4.891101360321045
66 4.905231952667236
67 4.924299240112305
68 4.938514232635498
69 4.957001686096191
70 4.989724636077881
71 5.012491226196289
72 5.062775611877441
73 5.106564044952393
74 5.143905162811279
75 5.187390327453613
76 5.149345397949219
77 5.147292613983154
78 5.2270684242248535
79 5.230641841888428
80 5.265614032745361
81 5.301137924194336
82 5.324206829071045
83 5.4269819259643555
84 5.421028137207031
85 5.412625789642334
86 5.4687018394470215
87 5.459888935089111
88 5.505680084228516
89 5.522702693939209
90 5.526664733886719
91 5.550357818603516
92 5.5537261962890625
93 5.529355525970459
94 5.545418739318848
95 5.58842658996582
96 5.651870250701904
97 5.711909770965576
98 5.693658828735352
99 5.7263102531433105
100 5.708089351654053
101 5.744028091430664
102 5.769461154937744
103 5.782924175262451
104 5.774240970611572
105 5.755156517028809
106 5.801880836486816
107 5.8441009521484375
108 5.875709056854248
109 5.875760078430176
110 5.9184770584106445
111 5.967551231384277
112 6.001781463623047
113 6.0112457275390625
114 6.020514011383057
115 6.061306953430176
116 6.067806720733643
117 6.123080730438232
118 6.107838153839111
119 6.19625186920166
120 6.245576858520508
121 6.293961048126221
122 6.350062370300293
123 6.372972011566162
124 6.465948104858398
125 6.543362617492676
126 6.549361705780029
127 6.591970920562744
128 6.618054389953613
129 6.602588653564453
130 6.570193767547607
131 6.5184502601623535
132 6.54335355758667
133 6.590232849121094
134 6.5881123542785645
135 6.615242004394531
136 6.593466281890869
137 6.652174949645996
138 6.694933891296387
139 6.7191162109375
140 6.674752712249756
141 6.677000045776367
142 6.729141712188721
143 6.7153167724609375
144 6.732046127319336
145 6.790726661682129
146 6.841550350189209
147 6.867468357086182
148 6.913869380950928
149 6.878006458282471
150 6.904493808746338
151 6.847840785980225
152 6.813472270965576
153 6.787886619567871
154 6.783267021179199
155 6.810943126678467
156 6.807843208312988
157 6.867808818817139
158 6.864537239074707
159 6.872054100036621
160 6.8370561599731445
161 6.833955764770508
162 6.761446952819824
163 6.803879261016846
164 6.873604774475098
165 6.938790798187256
166 6.956119060516357
167 6.954463958740234
168 6.99301815032959
169 7.018530368804932
170 7.03272819519043
171 7.024143695831299
172 6.996207237243652
173 7.023099422454834
174 7.07203483581543
175 7.0852508544921875
176 7.080043792724609
177 7.088317394256592
178 7.0944647789001465
179 7.0841522216796875
180 7.118109226226807
181 7.102981090545654
182 7.102850437164307
183 7.081399917602539
184 7.095309257507324
185 7.143587589263916
186 7.196785926818848
187 7.231171131134033
188 7.214394569396973
189 7.267441272735596
190 7.256955146789551
191 7.291123390197754
192 7.353449821472168
193 7.430071830749512
194 7.47761344909668
195 7.478399753570557
196 7.492278575897217
197 7.485316276550293
198 7.494134902954102
199 7.470050811767578
200 7.456229209899902
201 7.455207824707031
202 7.5048956871032715
203 7.498048305511475
204 7.507078170776367
205 7.511631488800049
206 7.4972615242004395
207 7.469011306762695
208 7.514660358428955
209 7.557072162628174
210 7.5678019523620605
211 7.544970512390137
212 7.56544828414917
213 7.601933002471924
214 7.616732597351074
215 7.604681968688965
216 7.595787525177002
217 7.648561954498291
218 7.6270880699157715
219 7.512633800506592
220 7.506290912628174
221 7.522449970245361
222 7.537288188934326
223 7.578384876251221
224 7.529776573181152
225 7.58668851852417
226 7.645721435546875
227 7.677741527557373
228 7.718014717102051
229 7.7124199867248535
230 7.73543643951416
231 7.804932594299316
232 7.878566265106201
233 7.881800174713135
234 7.9650983810424805
235 7.977989196777344
236 8.045838356018066
237 8.05760383605957
238 8.053726196289062
239 8.004593849182129
240 8.04612922668457
241 8.015938758850098
242 7.991963863372803
243 8.02177906036377
244 8.097883224487305
245 8.11035442352295
246 8.138283729553223
247 8.16038703918457
248 8.134526252746582
249 8.109663009643555
250 8.072885513305664
251 8.076800346374512
252 8.028508186340332
253 8.049766540527344
254 8.108016014099121
255 8.135560989379883
256 8.144099235534668
257 8.219067573547363
258 8.240249633789062
259 8.244577407836914
260 8.278410911560059
261 8.274487495422363
262 8.343873977661133
263 8.365900039672852
264 8.320785522460938
265 8.344217300415039
266 8.315850257873535
267 8.318699836730957
268 8.335858345031738
269 8.276749610900879
270 8.318279266357422
271 8.328824043273926
272 8.412263870239258
273 8.38086986541748
274 8.421689987182617
275 8.453743934631348
276 8.475691795349121
277 8.542074203491211
278 8.589003562927246
279 8.566713333129883
280 8.618253707885742
281 8.665068626403809
282 8.670124053955078
283 8.685894966125488
284 8.723374366760254
285 8.735774040222168
286 8.706899642944336
287 8.689533233642578
288 8.71770191192627
289 8.780708312988281
290 8.809954643249512
291 8.784019470214844
292 8.798678398132324
293 8.852553367614746
294 8.821654319763184
295 8.812960624694824
296 8.827276229858398
297 8.818093299865723
298 8.78812313079834
299 8.83956527709961
300 8.830565452575684
301 8.797561645507812
302 8.755885124206543
303 8.717105865478516
304 8.691115379333496
305 8.66815185546875
306 8.636717796325684
307 8.61795711517334
308 8.60209846496582
309 8.554777145385742
310 8.586346626281738
311 8.561692237854004
312 8.557795524597168
313 8.558384895324707
314 8.500374794006348
315 8.511617660522461
316 8.505067825317383
317 8.495476722717285
318 8.477554321289062
319 8.528742790222168
320 8.52677059173584
321 8.513482093811035
322 8.48481559753418
323 8.493045806884766
324 8.545689582824707
325 8.584157943725586
326 8.600996971130371
327 8.65555191040039
328 8.670607566833496
329 8.716355323791504
330 8.782134056091309
331 8.793071746826172
332 8.778334617614746
333 8.742525100708008
334 8.730320930480957
335 8.770702362060547
336 8.768402099609375
337 8.789056777954102
338 8.836494445800781
339 8.850235939025879
340 8.87388801574707
341 8.886567115783691
342 8.908126831054688
343 8.883339881896973
344 8.8829345703125
345 8.86965274810791
346 8.902721405029297
347 8.953566551208496
348 8.958913803100586
349 8.987066268920898
350 8.984281539916992
351 8.995671272277832
352 9.00206184387207
353 9.017751693725586
354 9.058598518371582
355 9.102224349975586
356 9.189800262451172
357 9.2080659866333
358 9.23091983795166
359 9.252579689025879
360 9.303298950195312
361 9.32141399383545
362 9.323372840881348
363 9.301802635192871
364 9.35921859741211
365 9.411235809326172
366 9.444038391113281
367 9.514145851135254
368 9.563481330871582
369 9.581785202026367
370 9.610305786132812
371 9.645159721374512
372 9.646655082702637
373 9.669666290283203
374 9.723847389221191
375 9.776001930236816
376 9.816686630249023
377 9.82627010345459
378 9.780003547668457
379 9.764976501464844
380 9.736891746520996
381 9.77938461303711
382 9.819528579711914
383 9.746893882751465
384 9.774982452392578
385 9.776738166809082
386 9.76005744934082
387 9.748211860656738
388 9.710041046142578
389 9.707759857177734
390 9.733207702636719
391 9.701684951782227
392 9.688692092895508
393 9.695929527282715
394 9.672800064086914
395 9.634891510009766
396 9.662460327148438
397 9.734796524047852
398 9.800010681152344
399 9.825589179992676
400 9.779155731201172
401 9.81167984008789
402 9.781719207763672
403 9.770355224609375
404 9.823802947998047
405 9.762834548950195
406 9.745469093322754
407 9.780899047851562
408 9.75847053527832
409 9.712039947509766
410 9.683906555175781
411 9.666261672973633
412 9.650581359863281
413 9.626626968383789
414 9.653398513793945
415 9.618951797485352
416 9.656006813049316
417 9.682364463806152
418 9.69899845123291
419 9.650615692138672
420 9.592904090881348
421 9.572253227233887
422 9.567305564880371
423 9.545145988464355
424 9.571205139160156
425 9.565590858459473
426 9.617927551269531
427 9.602832794189453
428 9.608528137207031
429 9.586504936218262
430 9.571784019470215
431 9.510583877563477
432 9.527678489685059
433 9.492814064025879
434 9.571106910705566
435 9.58348560333252
436 9.635231971740723
437 9.610896110534668
438 9.608367919921875
439 9.633951187133789
440 9.65707778930664
441 9.565813064575195
442 9.556804656982422
443 9.554169654846191
444 9.499690055847168
445 9.507242202758789
446 9.530403137207031
447 9.533956527709961
448 9.5748872756958
449 9.616544723510742
450 9.602351188659668
451 9.57525634765625
452 9.565603256225586
453 9.578564643859863
454 9.623669624328613
455 9.655113220214844
456 9.658019065856934
457 9.67704963684082
458 9.665307998657227
459 9.65441608428955
460 9.644547462463379
461 9.64111042022705
462 9.660737037658691
463 9.683856010437012
464 9.682005882263184
465 9.694433212280273
466 9.702484130859375
467 9.736624717712402
468 9.770566940307617
469 9.818742752075195
470 9.89635181427002
471 9.884333610534668
472 9.943026542663574
473 9.938937187194824
474 9.956332206726074
475 9.946769714355469
476 9.908437728881836
477 9.914909362792969
478 9.894253730773926
479 9.842988014221191
480 9.83719253540039
481 9.87797737121582
482 9.852126121520996
483 9.860836029052734
484 9.826773643493652
485 9.817527770996094
486 9.808899879455566
487 9.80058479309082
488 9.773530960083008
489 9.752777099609375
490 9.725793838500977
491 9.776538848876953
492 9.79941177368164
493 9.861292839050293
494 9.792722702026367
495 9.789573669433594
496 9.760178565979004
497 9.808441162109375
498 9.847548484802246
499 9.834360122680664
500 9.849977493286133
501 9.818645477294922
502 9.860736846923828
503 9.825854301452637
504 9.781197547912598
505 9.800012588500977
506 9.796150207519531
507 9.761665344238281
508 9.768375396728516
509 9.750740051269531
510 9.781058311462402
511 9.78165340423584
512 9.781227111816406
513 9.795235633850098
514 9.806462287902832
515 9.796072006225586
516 9.783611297607422
517 9.788625717163086
518 9.825715065002441
519 9.847162246704102
520 9.873270988464355
521 9.8312349319458
522 9.827857971191406
523 9.834115982055664
524 9.813400268554688
525 9.84642505645752
526 9.812481880187988
527 9.786171913146973
528 9.793167114257812
529 9.78239631652832
530 9.760394096374512
531 9.733829498291016
532 9.740911483764648
533 9.767237663269043
534 9.784555435180664
535 9.800765991210938
536 9.77785587310791
537 9.722349166870117
538 9.70978832244873
539 9.663785934448242
540 9.672163009643555
541 9.648637771606445
542 9.701861381530762
543 9.678850173950195
544 9.682720184326172
545 9.677309036254883
546 9.706033706665039
547 9.711122512817383
548 9.731534004211426
549 9.751471519470215
550 9.755987167358398
551 9.758975982666016
552 9.753880500793457
553 9.760210990905762
554 9.764191627502441
555 9.801431655883789
556 9.836612701416016
557 9.833752632141113
558 9.849274635314941
559 9.826274871826172
560 9.871047973632812
561 9.868400573730469
562 9.855818748474121
563 9.902880668640137
564 9.918538093566895
565 9.952324867248535
566 9.94721508026123
567 9.964916229248047
568 9.969006538391113
569 9.98741626739502
570 9.993261337280273
571 10.006834983825684
572 10.012430191040039
573 10.01504898071289
574 10.030614852905273
575 10.059893608093262
576 10.072112083435059
577 10.045236587524414
578 10.041078567504883
579 10.061601638793945
580 10.054737091064453
581 10.049209594726562
582 10.051064491271973
583 10.09012508392334
584 10.102730751037598
585 10.092529296875
586 10.147625923156738
587 10.136478424072266
588 10.12928295135498
589 10.088916778564453
590 10.097261428833008
591 10.109087944030762
592 10.11747932434082
593 10.119977951049805
594 10.097075462341309
595 10.118022918701172
596 10.11689567565918
597 10.108338356018066
598 10.123641967773438
599 10.112728118896484
600 10.107759475708008
601 10.120680809020996
602 10.128064155578613
603 10.131680488586426
604 10.146095275878906
605 10.157943725585938
606 10.155192375183105
607 10.162773132324219
608 10.185019493103027
609 10.176730155944824
610 10.196638107299805
611 10.262802124023438
612 10.303568840026855
613 10.31759262084961
614 10.359842300415039
615 10.341489791870117
616 10.346468925476074
617 10.342140197753906
618 10.371078491210938
619 10.359365463256836
620 10.35444450378418
621 10.352835655212402
622 10.363819122314453
623 10.338203430175781
624 10.319746971130371
625 10.359444618225098
626 10.373990058898926
627 10.381001472473145
628 10.410334587097168
629 10.398981094360352
630 10.379096984863281
631 10.433320999145508
632 10.476228713989258
633 10.419022560119629
634 10.393439292907715
635 10.401684761047363
636 10.413567543029785
637 10.388654708862305
638 10.40449333190918
639 10.370217323303223
640 10.3734130859375
641 10.39930534362793
642 10.394536018371582
643 10.377169609069824
644 10.4002103805542
645 10.441041946411133
646 10.40676212310791
647 10.390519142150879
648 10.345147132873535
649 10.340218544006348
650 10.33317756652832
651 10.374490737915039
652 10.393095970153809
653 10.383703231811523
654 10.384578704833984
655 10.413921356201172
656 10.474366188049316
657 10.553614616394043
658 10.588065147399902
659 10.564665794372559
660 10.596835136413574
661 10.608725547790527
662 10.630391120910645
663 10.626029014587402
664 10.590981483459473
665 10.588991165161133
666 10.546313285827637
667 10.574007034301758
668 10.594389915466309
669 10.61451530456543
670 10.608399391174316
671 10.595521926879883
672 10.566145896911621
673 10.555927276611328
674 10.578428268432617
675 10.61963939666748
676 10.628252983093262
677 10.627460479736328
678 10.599507331848145
679 10.630012512207031
680 10.610565185546875
681 10.605995178222656
682 10.601081848144531
683 10.613556861877441
684 10.615412712097168
685 10.625080108642578
686 10.597978591918945
687 10.578177452087402
688 10.628503799438477
689 10.635191917419434
690 10.632767677307129
691 10.601665496826172
692 10.614456176757812
693 10.614643096923828
694 10.636215209960938
695 10.622817993164062
696 10.66208553314209
697 10.689606666564941
698 10.722990036010742
699 10.70250129699707
700 10.702174186706543
701 10.671435356140137
702 10.712776184082031
703 10.707966804504395
704 10.715865135192871
705 10.666685104370117
706 10.640568733215332
707 10.607538223266602
708 10.618430137634277
709 10.659947395324707
710 10.684396743774414
711 10.667939186096191
712 10.70679759979248
713 10.754758834838867
714 10.78496265411377
715 10.775134086608887
716 10.815954208374023
717 10.84070110321045
718 10.821611404418945
719 10.86655330657959
720 10.883600234985352
721 10.886211395263672
722 10.887158393859863
723 10.956724166870117
724 10.985725402832031
725 10.97707462310791
726 10.948371887207031
727 10.92347240447998
728 10.926521301269531
729 10.938032150268555
730 10.93060302734375
731 10.934539794921875
732 10.962939262390137
733 10.926436424255371
734 10.934732437133789
735 10.970998764038086
736 10.955309867858887
737 10.995797157287598
738 11.055569648742676
739 11.098094940185547
740 11.10625171661377
741 11.048896789550781
742 11.04573917388916
743 10.966300964355469
744 10.950515747070312
745 10.979913711547852
746 10.982173919677734
747 10.989351272583008
748 11.0384521484375
749 11.061793327331543
750 11.046235084533691
751 11.009881973266602
752 11.002545356750488
753 11.024351119995117
754 10.997198104858398
755 10.97006607055664
756 10.951615333557129
757 10.97742748260498
758 10.984742164611816
759 11.011493682861328
760 11.036321640014648
761 11.050004959106445
762 11.073103904724121
763 11.100495338439941
764 11.117430686950684
765 11.124283790588379
766 11.100179672241211
767 11.134310722351074
768 11.154359817504883
769 11.158449172973633
770 11.146489143371582
771 11.141801834106445
772 11.157597541809082
773 11.185164451599121
774 11.200611114501953
775 11.216391563415527
776 11.25062370300293
777 11.25938606262207
778 11.286450386047363
779 11.3042573928833
780 11.309429168701172
781 11.347622871398926
782 11.37775707244873
783 11.423362731933594
784 11.390551567077637
785 11.411263465881348
786 11.382744789123535
787 11.378682136535645
788 11.36115550994873
789 11.334004402160645
790 11.338663101196289
791 11.275660514831543
792 11.255315780639648
793 11.306859016418457
794 11.31998348236084
795 11.345166206359863
796 11.375228881835938
797 11.338436126708984
798 11.331326484680176
799 11.277205467224121
800 11.266220092773438
801 11.286089897155762
802 11.311351776123047
803 11.316811561584473
804 11.374788284301758
805 11.34183120727539
806 11.363338470458984
807 11.364373207092285
808 11.379258155822754
809 11.348715782165527
810 11.359758377075195
811 11.33568000793457
812 11.373932838439941
813 11.354517936706543
814 11.365142822265625
815 11.410143852233887
816 11.42400074005127
817 11.43346881866455
818 11.410445213317871
819 11.462181091308594
820 11.42788314819336
821 11.451004981994629
822 11.484543800354004
823 11.499898910522461
824 11.466717720031738
825 11.4555025100708
826 11.458573341369629
827 11.427932739257812
828 11.428777694702148
829 11.442840576171875
830 11.439553260803223
831 11.413887977600098
832 11.421085357666016
833 11.4076566696167
834 11.384449005126953
835 11.413642883300781
836 11.392704010009766
837 11.38395881652832
838 11.406197547912598
839 11.462837219238281
840 11.417685508728027
841 11.397130966186523
842 11.404094696044922
843 11.43183708190918
844 11.424967765808105
845 11.401451110839844
846 11.41572093963623
847 11.447068214416504
848 11.434988975524902
849 11.466747283935547
850 11.463258743286133
851 11.525381088256836
852 11.529173851013184
853 11.517033576965332
854 11.533112525939941
855 11.563929557800293
856 11.524001121520996
857 11.51967716217041
858 11.522557258605957
859 11.553570747375488
860 11.566583633422852
861 11.614627838134766
862 11.622965812683105
863 11.651285171508789
864 11.647997856140137
865 11.596686363220215
866 11.613783836364746
867 11.657933235168457
868 11.64254379272461
869 11.631749153137207
870 11.655198097229004
871 11.644062042236328
872 11.694003105163574
873 11.702364921569824
874 11.67373275756836
875 11.68408203125
876 11.6790132522583
877 11.656659126281738
878 11.678377151489258
879 11.692084312438965
880 11.647446632385254
881 11.630624771118164
882 11.610705375671387
883 11.643829345703125
884 11.576781272888184
885 11.574055671691895
886 11.617698669433594
887 11.632953643798828
888 11.639608383178711
889 11.641619682312012
890 11.591157913208008
891 11.581090927124023
892 11.527597427368164
893 11.544758796691895
894 11.604774475097656
895 11.586902618408203
896 11.614384651184082
897 11.629157066345215
898 11.59988021850586
899 11.633627891540527
900 11.646203994750977
901 11.645624160766602
902 11.591611862182617
903 11.543210983276367
904 11.56363582611084
905 11.562511444091797
906 11.601542472839355
907 11.571013450622559
908 11.553112030029297
909 11.564738273620605
910 11.59300708770752
911 11.569644927978516
912 11.585904121398926
913 11.585526466369629
914 11.637896537780762
915 11.647340774536133
916 11.65627384185791
917 11.678616523742676
918 11.672895431518555
919 11.675651550292969
920 11.664909362792969
921 11.707794189453125
922 11.738041877746582
923 11.725712776184082
924 11.726462364196777
925 11.729146003723145
926 11.733439445495605
927 11.706681251525879
928 11.72070598602295
929 11.672940254211426
930 11.6879301071167
931 11.72695541381836
932 11.756327629089355
933 11.746950149536133
934 11.774497032165527
935 11.828343391418457
936 11.81515121459961
937 11.788619995117188
938 11.771574020385742
939 11.775866508483887
940 11.776782035827637
941 11.791707992553711
942 11.790021896362305
943 11.76287841796875
944 11.779672622680664
945 11.807424545288086
946 11.848114013671875
947 11.883395195007324
948 11.899467468261719
949 11.903830528259277
950 11.953190803527832
951 11.928647994995117
952 11.948755264282227
953 11.9467134475708
954 12.015332221984863
955 12.036745071411133
956 12.056855201721191
957 12.117359161376953
958 12.133646011352539
959 12.14559268951416
960 12.171778678894043
961 12.221083641052246
962 12.220664024353027
963 12.251668930053711
964 12.270914077758789
965 12.320356369018555
966 12.325626373291016
967 12.279105186462402
968 12.260403633117676
969 12.241798400878906
970 12.2459077835083
971 12.24609088897705
972 12.289641380310059
973 12.293184280395508
974 12.343241691589355
975 12.34819221496582
976 12.39557933807373
977 12.35494613647461
978 12.336297988891602
979 12.327386856079102
980 12.325511932373047
981 12.288739204406738
982 12.333906173706055
983 12.335859298706055
984 12.321247100830078
985 12.302423477172852
986 12.28087329864502
987 12.248573303222656
988 12.224675178527832
989 12.187253952026367
990 12.180386543273926
991 12.170218467712402
992 12.15038776397705
993 12.136137962341309
994 12.143667221069336
995 12.144126892089844
996 12.138914108276367
997 12.188748359680176
998 12.216082572937012
999 12.260737419128418
1000 12.245375633239746
1001 12.305126190185547
1002 12.32180404663086
1003 12.295641899108887
1004 12.318756103515625
1005 12.338796615600586
1006 12.324774742126465
1007 12.30907154083252
1008 12.284480094909668
1009 12.271782875061035
1010 12.264497756958008

1 0.12248353660106659
2 0.12232905626296997
3 0.12232904881238937
4 0.122328020632267
5 0.12232904881238937
6 0.1223289743065834
7 0.12371081113815308
8 0.12231932580471039
9 0.12232904881238937
10 0.12232904881238937
11 0.42314472794532776
12 0.5805456638336182
13 0.7990114688873291
14 1.0307596921920776
15 1.180076241493225
16 1.3416054248809814
17 1.4744555950164795
18 1.6333307027816772
19 1.8054240942001343
20 2.0015623569488525
21 2.192568302154541
22 2.409576416015625
23 2.5847725868225098
24 2.957350969314575
25 3.060499668121338
26 3.297114610671997
27 3.3752431869506836
28 3.223222494125366
29 3.3451972007751465
30 3.4151368141174316
31 3.481619358062744
32 3.571620225906372
33 3.6900546550750732
34 3.7261300086975098
35 3.8080227375030518
36 3.879957914352417
37 3.9937996864318848
38 4.081850051879883
39 4.1733078956604
40 4.207394123077393
41 4.253284931182861
42 4.264666557312012
43 4.307174205780029
44 4.4029998779296875
45 4.449434280395508
46 4.467062473297119
47 4.5007219314575195
48 4.5154805183410645
49 4.58160400390625
50 4.5988335609436035
51 4.619720935821533
52 4.670924186706543
53 4.711009502410889
54 4.764636993408203
55 4.807347774505615
56 4.846683025360107
57 4.939770221710205
58 4.954902648925781
59 4.965316295623779
60 4.971950054168701
61 5.036006927490234
62 5.085159778594971
63 5.115687370300293
64 5.18049430847168
65 5.210022926330566
66 5.222407817840576
67 5.296760559082031
68 5.3177947998046875
69 5.314094543457031
70 5.363091945648193
71 5.4208292961120605
72 5.443129062652588
73 5.4460272789001465
74 5.468855857849121
75 5.538828372955322
76 5.612806797027588
77 5.648228645324707
78 5.690753936767578
79 5.715706825256348
80 5.777350425720215
81 5.807194709777832
82 5.859229564666748
83 5.923543930053711
84 5.979275703430176
85 5.972685813903809
86 6.0736284255981445
87 6.1290130615234375
88 6.20141077041626
89 6.212896347045898
90 6.231443881988525
91 6.2756733894348145
92 6.286528587341309
93 6.363046169281006
94 6.351215362548828
95 6.381233215332031
96 6.400246620178223
97 6.425584316253662
98 6.476620674133301
99 6.487059116363525
100 6.517622470855713
101 6.581009864807129
102 6.548806190490723
103 6.5702805519104
104 6.650014400482178
105 6.699553966522217
106 6.747527599334717
107 6.800048828125
108 6.8011369705200195
109 6.795345783233643
110 6.810254096984863
111 6.810225963592529
112 6.767980575561523
113 6.794759273529053
114 6.861910343170166
115 6.8844404220581055
116 6.901520729064941
117 6.910280704498291
118 6.938311576843262
119 6.993461608886719
120 7.003715515136719
121 7.005529880523682
122 7.0209174156188965
123 7.061639785766602
124 7.102843761444092
125 7.076837539672852
126 7.090718746185303
127 7.1242570877075195
128 7.171621799468994
129 7.1921234130859375
130 7.21955680847168
131 7.300517559051514
132 7.258734226226807
133 7.25777006149292
134 7.30364465713501
135 7.294197082519531
136 7.286114692687988
137 7.3065032958984375
138 7.385649681091309
139 7.428101539611816
140 7.457404613494873
141 7.486454963684082
142 7.546521186828613
143 7.534049034118652
144 7.5634636878967285
145 7.61098575592041
146 7.643118381500244
147 7.70772647857666
148 7.721992015838623
149 7.785009384155273
150 7.823479175567627
151 7.829327583312988
152 7.879090309143066
153 7.93623685836792
154 7.883579730987549
155 7.92122745513916
156 7.935957431793213
157 7.959234714508057
158 8.018780708312988
159 8.02367877960205
160 8.048957824707031
161 8.019460678100586
162 8.067634582519531
163 8.077731132507324
164 8.060922622680664
165 8.095173835754395
166 8.14351749420166
167 8.19530963897705
168 8.170315742492676
169 8.213055610656738
170 8.235733032226562
171 8.202829360961914
172 8.27685832977295
173 8.303919792175293
174 8.316082954406738
175 8.311846733093262
176 8.31740951538086
177 8.369868278503418
178 8.362627029418945
179 8.39050579071045
180 8.414546012878418
181 8.491267204284668
182 8.5110502243042
183 8.436182975769043
184 8.437124252319336
185 8.526731491088867
186 8.433444023132324
187 8.46568489074707
188 8.446764945983887
189 8.455306053161621
190 8.499573707580566
191 8.449283599853516
192 8.506341934204102
193 8.472249984741211
194 8.488682746887207
195 8.466452598571777
196 8.479347229003906
197 8.516321182250977
198 8.576302528381348
199 8.612415313720703
200 8.62886905670166
201 8.66213607788086
202 8.668876647949219
203 8.705997467041016
204 8.727655410766602
205 8.762951850891113
206 8.774847030639648
207 8.799237251281738
208 8.781554222106934
209 8.809510231018066
210 8.795333862304688
211 8.845890998840332
212 8.94477653503418
213 8.974712371826172
214 9.052596092224121
215 9.066488265991211
216 9.082286834716797
217 9.116172790527344
218 9.132269859313965
219 9.106410026550293
220 9.158726692199707
221 9.194991111755371
222 9.19638442993164
223 9.266812324523926
224 9.219276428222656
225 9.283987045288086
226 9.268868446350098
227 9.293399810791016
228 9.308531761169434
229 9.328204154968262
230 9.41117000579834
231 9.407184600830078
232 9.432733535766602
233 9.437066078186035
234 9.494604110717773
235 9.512405395507812
236 9.540867805480957
237 9.5315580368042
238 9.533270835876465
239 9.610834121704102
240 9.631698608398438
241 9.654955863952637
242 9.65960693359375
243 9.658297538757324
244 9.669379234313965
245 9.693669319152832
246 9.741138458251953
247 9.750243186950684
248 9.785581588745117
249 9.831023216247559
250 9.87496280670166
251 9.870680809020996
252 9.905854225158691
253 9.895162582397461
254 9.921104431152344
255 9.932991027832031
256 10.002507209777832
257 10.054305076599121
258 10.036026000976562
259 10.037091255187988
260 10.06639575958252
261 10.067788124084473
262 10.07867431640625
263 10.105976104736328
264 10.073362350463867
265 10.113895416259766
266 10.114633560180664
267 10.140436172485352
268 10.178311347961426
269 10.206947326660156
270 10.207260131835938
271 10.2249755859375
272 10.203832626342773
273 10.166064262390137
274 10.157638549804688
275 10.120943069458008
276 10.083312034606934
277 10.067307472229004
278 10.028533935546875
279 10.017496109008789
280 10.04811954498291
281 10.058459281921387
282 10.03515338897705
283 10.040336608886719
284 10.079181671142578
285 10.084507942199707
286 10.099456787109375
287 10.135573387145996
288 10.1026029586792
289 10.183667182922363
290 10.188824653625488
291 10.183377265930176
292 10.228863716125488
293 10.23293399810791
294 10.293415069580078
295 10.306098937988281
296 10.344242095947266
297 10.461161613464355
298 10.472151756286621
299 10.548792839050293
300 10.474933624267578
301 10.494524955749512
302 10.516469955444336
303 10.542622566223145
304 10.524125099182129
305 10.565741539001465
306 10.633639335632324
307 10.637286186218262
308 10.599441528320312
309 10.638917922973633
310 10.611613273620605
311 10.621585845947266
312 10.6688871383667
313 10.738059043884277
314 10.73888874053955
315 10.72064208984375
316 10.667994499206543
317 10.668622016906738
318 10.680755615234375
319 10.662132263183594
320 10.636289596557617
321 10.625652313232422
322 10.624715805053711
323 10.630501747131348
324 10.608989715576172
325 10.63578987121582
326 10.681319236755371
327 10.664589881896973
328 10.677803039550781
329 10.69301986694336
330 10.709307670593262
331 10.737098693847656
332 10.771455764770508
333 10.794059753417969
334 10.798480987548828
335 10.78990364074707
336 10.760794639587402
337 10.712806701660156
338 10.730125427246094
339 10.711536407470703
340 10.733943939208984
341 10.686610221862793
342 10.768860816955566
343 10.784074783325195
344 10.80173397064209
345 10.8164644241333
346 10.862067222595215
347 10.8270263671875
348 10.832586288452148
349 10.893312454223633
350 10.917007446289062
351 10.857227325439453
352 10.839226722717285
353 10.79122257232666
354 10.76662826538086
355 10.751359939575195
356 10.739459037780762
357 10.803627014160156
358 10.801166534423828
359 10.828826904296875
360 10.824901580810547
361 10.794886589050293
362 10.781766891479492
363 10.785706520080566
364 10.804244995117188
365 10.772957801818848
366 10.723437309265137
367 10.734602928161621
368 10.782139778137207
369 10.778420448303223
370 10.788337707519531
371 10.778950691223145
372 10.746573448181152
373 10.775179862976074
374 10.802788734436035
375 10.796390533447266
376 10.76469612121582
377 10.775115966796875
378 10.779623985290527
379 10.746216773986816
380 10.746524810791016
381 10.784883499145508
382 10.7976655960083
383 10.797813415527344
384 10.811182022094727
385 10.846406936645508
386 10.811190605163574
387 10.809248924255371
388 10.829167366027832
389 10.880457878112793
390 10.831111907958984
391 10.855245590209961
392 10.85066032409668
393 10.846190452575684
394 10.862285614013672
395 10.894736289978027
396 10.878724098205566
397 10.920815467834473
398 10.931504249572754
399 10.941701889038086
400 10.99014949798584
401 10.959982872009277
402 10.987715721130371
403 11.017385482788086
404 11.039752960205078
405 11.08525276184082
406 11.121197700500488
407 11.086674690246582
408 11.142353057861328
409 11.151677131652832
410 11.204974174499512
411 11.251254081726074
412 11.262022018432617
413 11.266907691955566
414 11.301311492919922
415 11.298985481262207
416 11.310965538024902
417 11.338574409484863
418 11.39618968963623
419 11.40820026397705
420 11.417588233947754
421 11.459099769592285
422 11.463226318359375
423 11.541543960571289
424 11.600445747375488
425 11.619696617126465
426 11.589859962463379
427 11.572054862976074
428 11.580747604370117
429 11.592764854431152
430 11.585318565368652
431 11.568244934082031
432 11.526664733886719
433 11.570979118347168
434 11.59559440612793
435 11.595020294189453
436 11.57573127746582
437 11.627854347229004
438 11.67341423034668
439 11.721372604370117
440 11.718571662902832
441 11.723617553710938
442 11.806035995483398
443 11.808758735656738
444 11.81380844116211
445 11.834836959838867
446 11.789397239685059
447 11.758871078491211
448 11.81478214263916
449 11.805749893188477
450 11.814204216003418
451 11.81143856048584
452 11.792917251586914
453 11.818161964416504
454 11.824366569519043
455 11.868666648864746
456 11.85241413116455
457 11.820882797241211
458 11.905129432678223
459 11.91866397857666
460 11.895641326904297
461 11.871864318847656
462 11.84202766418457
463 11.940825462341309
464 11.975496292114258
465 11.978787422180176
466 12.032504081726074
467 12.075305938720703
468 12.098440170288086
469 12.06832218170166
470 12.079907417297363
471 12.126044273376465
472 12.075498580932617
473 12.083849906921387
474 12.069746971130371
475 12.130603790283203
476 12.101662635803223
477 12.056233406066895
478 12.0404052734375
479 12.071436882019043
480 12.083897590637207
481 12.143470764160156
482 12.112520217895508
483 12.145660400390625
484 12.15910816192627
485 12.141815185546875
486 12.15477466583252
487 12.139159202575684
488 12.136209487915039
489 12.129791259765625
490 12.083005905151367
491 12.062124252319336
492 12.047674179077148
493 12.076711654663086
494 12.027379035949707
495 12.006330490112305
496 12.00615406036377
497 12.016212463378906
498 11.998082160949707
499 12.004402160644531
500 12.03123950958252
501 12.071067810058594
502 12.108381271362305
503 12.075075149536133
504 12.074584007263184
505 12.089897155761719
506 12.093168258666992
507 12.1156644821167
508 12.087726593017578
509 12.074106216430664
510 12.051103591918945
511 12.076554298400879
512 12.077211380004883
513 12.085092544555664
514 12.109063148498535
515 12.160246849060059
516 12.1776704788208
517 12.199326515197754
518 12.247414588928223
519 12.255878448486328
520 12.250880241394043
521 12.231413841247559
522 12.270583152770996
523 12.245651245117188
524 12.201027870178223
525 12.22911548614502
526 12.24681282043457
527 12.284514427185059
528 12.345364570617676
529 12.322881698608398
530 12.360280990600586
531 12.378993034362793
532 12.371352195739746
533 12.396833419799805
534 12.42419719696045
535 12.394953727722168
536 12.365402221679688
537 12.366483688354492
538 12.40415096282959
539 12.367063522338867
540 12.427754402160645
541 12.42509651184082
542 12.468584060668945
543 12.506722450256348
544 12.54376220703125
545 12.512439727783203
546 12.556145668029785
547 12.559688568115234
548 12.565582275390625
549 12.563775062561035
550 12.598905563354492
551 12.590065002441406
552 12.645890235900879
553 12.659381866455078
554 12.672382354736328
555 12.684479713439941
556 12.720415115356445
557 12.688282012939453
558 12.70539379119873
559 12.728499412536621
560 12.732076644897461
561 12.686666488647461
562 12.642415046691895
563 12.663874626159668
564 12.700818061828613
565 12.678845405578613
566 12.653422355651855
567 12.63540267944336
568 12.656505584716797
569 12.573678016662598
570 12.626063346862793
571 12.659494400024414
572 12.675329208374023
573 12.72278881072998
574 12.738716125488281
575 12.80102252960205
576 12.82507038116455
577 12.799983978271484
578 12.797751426696777
579 12.821592330932617
580 12.765539169311523
581 12.872109413146973
582 12.827532768249512
583 12.825578689575195
584 12.82194995880127
585 12.822935104370117
586 12.796186447143555
587 12.837718963623047
588 12.888219833374023
589 12.900708198547363
590 12.91302490234375
591 12.90216064453125
592 12.926898002624512
593 12.925528526306152
594 12.961795806884766
595 13.030901908874512
596 13.091282844543457
597 13.060126304626465
598 13.06128978729248
599 13.030929565429688
600 13.01447582244873
601 13.045275688171387
602 13.021343231201172
603 13.046879768371582
604 13.080928802490234
605 13.102787017822266
606 13.164581298828125
607 13.17175006866455
608 13.182114601135254
609 13.146618843078613
610 13.105751037597656
611 13.120452880859375
612 13.132018089294434
613 13.168710708618164
614 13.13909912109375
615 13.1181640625
616 13.138856887817383
617 13.155592918395996
618 13.215210914611816
619 13.270028114318848
620 13.273639678955078
621 13.311199188232422
622 13.315529823303223
623 13.296565055847168
624 13.308295249938965
625 13.368500709533691
626 13.334092140197754
627 13.307442665100098
628 13.37246322631836
629 13.360191345214844
630 13.331822395324707
631 13.304594993591309
632 13.339638710021973
633 13.290849685668945
634 13.268037796020508
635 13.344132423400879
636 13.345661163330078
637 13.349832534790039
638 13.344791412353516
639 13.343027114868164
640 13.413990020751953
641 13.42363452911377
642 13.447364807128906
643 13.43465805053711
644 13.427133560180664
645 13.430096626281738
646 13.41357135772705
647 13.408658981323242
648 13.437057495117188
649 13.377887725830078
650 13.408891677856445
651 13.429949760437012
652 13.503655433654785
653 13.495475769042969
654 13.465712547302246
655 13.476420402526855
656 13.507963180541992
657 13.486054420471191
658 13.461833000183105
659 13.410983085632324
660 13.416372299194336
661 13.418622970581055
662 13.41162109375
663 13.412291526794434
664 13.380267143249512
665 13.407299041748047
666 13.449116706848145
667 13.429049491882324
668 13.46840763092041
669 13.472403526306152
670 13.430891990661621
671 13.40886116027832
672 13.456524848937988
673 13.455153465270996
674 13.465085983276367
675 13.46322250366211
676 13.51513957977295
677 13.558958053588867
678 13.53215217590332
679 13.549880027770996
680 13.579071998596191
681 13.589716911315918
682 13.60157585144043
683 13.62710952758789
684 13.642749786376953
685 13.599233627319336
686 13.602119445800781
687 13.608759880065918
688 13.556888580322266
689 13.58857536315918
690 13.533954620361328
691 13.57625961303711
692 13.58371353149414
693 13.58317756652832
694 13.566842079162598
695 13.59853744506836
696 13.612250328063965
697 13.591954231262207
698 13.618672370910645
699 13.57733154296875
700 13.599003791809082
701 13.616467475891113
702 13.595518112182617
703 13.62742805480957
704 13.642155647277832
705 13.595196723937988
706 13.5653076171875
707 13.579973220825195
708 13.55935287475586
709 13.58689022064209
710 13.676661491394043
711 13.655451774597168
712 13.601963996887207
713 13.574865341186523
714 13.612655639648438
715 13.571629524230957
716 13.541253089904785
717 13.518085479736328
718 13.506604194641113
719 13.51157283782959
720 13.470308303833008
721 13.482150077819824
722 13.46562385559082
723 13.50072956085205
724 13.54368782043457
725 13.567244529724121
726 13.558806419372559
727 13.560664176940918
728 13.582154273986816
729 13.571013450622559
730 13.541999816894531
731 13.587242126464844
732 13.63938045501709
733 13.661169052124023
734 13.653563499450684
735 13.636825561523438
736 13.634400367736816
737 13.668000221252441
738 13.671625137329102
739 13.722810745239258
740 13.693483352661133
741 13.738207817077637
742 13.768712997436523
743 13.728036880493164
744 13.72204303741455
745 13.75765323638916
746 13.779155731201172
747 13.726831436157227
748 13.749929428100586
749 13.742997169494629
750 13.760995864868164
751 13.822371482849121
752 13.798101425170898
753 13.844718933105469
754 13.86918830871582
755 13.798748970031738
756 13.82248306274414
757 13.823478698730469
758 13.840368270874023
759 13.874191284179688
760 13.856977462768555
761 13.836956977844238
762 13.834012031555176
763 13.847338676452637
764 13.876080513000488
765 13.8949613571167
766 13.87288761138916
767 13.86829662322998
768 13.873902320861816
769 13.850911140441895
770 13.847257614135742
771 13.820138931274414
772 13.813518524169922
773 13.809870719909668
774 13.805574417114258
775 13.835318565368652
776 13.811033248901367
777 13.833313941955566
778 13.848750114440918
779 13.872206687927246
780 13.861690521240234
781 13.85129451751709
782 13.841635704040527
783 13.85965347290039
784 13.800406455993652
785 13.810282707214355
786 13.84523868560791
787 13.816818237304688
788 13.791194915771484
789 13.82670783996582
790 13.81933307647705
791 13.765656471252441
792 13.77237606048584
793 13.723203659057617
794 13.727754592895508
795 13.768767356872559
796 13.762675285339355
797 13.790406227111816
798 13.801568984985352
799 13.736905097961426
800 13.756070137023926
801 13.765884399414062
802 13.791764259338379
803 13.779626846313477
804 13.767147064208984
805 13.75064754486084
806 13.747794151306152
807 13.719555854797363
808 13.685040473937988
809 13.670339584350586
810 13.718449592590332
811 13.752116203308105
812 13.741484642028809
813 13.76779556274414
814 13.814581871032715
815 13.860124588012695
816 13.850945472717285
817 13.771098136901855
818 13.784077644348145
819 13.830726623535156
820 13.861183166503906
821 13.82993221282959
822 13.80312442779541
823 13.866157531738281
824 13.860613822937012
825 13.841572761535645
826 13.894976615905762
827 13.871942520141602
828 13.876480102539062
829 13.856801986694336
830 13.878621101379395
831 13.883478164672852
832 13.882162094116211
833 13.852927207946777
834 13.845852851867676
835 13.863614082336426
836 13.869468688964844
837 13.916427612304688
838 13.950939178466797
839 13.945014953613281
840 13.935436248779297
841 13.944472312927246
842 13.957402229309082
843 13.958648681640625
844 13.915925025939941
845 13.936647415161133
846 13.922785758972168
847 13.962481498718262
848 13.922916412353516
849 13.928169250488281
850 13.919111251831055
851 13.923913955688477
852 13.905059814453125
853 13.936785697937012
854 13.983231544494629
855 13.96616268157959
856 13.969400405883789
857 13.946330070495605
858 13.875219345092773
859 13.876220703125
860 13.8808012008667
861 13.908527374267578
862 13.882356643676758
863 13.895243644714355
864 13.891051292419434
865 13.921344757080078
866 13.898999214172363
867 13.920039176940918
868 13.974518775939941
869 13.937612533569336
870 13.954218864440918
871 13.957684516906738
872 13.94027042388916
873 13.921354293823242
874 13.986058235168457
875 14.003595352172852
876 13.96877384185791
877 14.00004768371582
878 14.023776054382324
879 14.043675422668457
880 14.040873527526855
881 13.977995872497559
882 14.034392356872559
883 14.070368766784668
884 14.024296760559082
885 14.027703285217285
886 14.017765998840332
887 13.973945617675781
888 14.015874862670898
889 14.02780818939209
890 13.959893226623535
891 13.985427856445312
892 13.963752746582031
893 13.985922813415527
894 13.968491554260254
895 13.987761497497559
896 13.991575241088867
897 13.990090370178223
898 13.958271980285645
899 13.984436988830566
900 13.983922004699707
901 14.000831604003906
902 14.001198768615723
903 14.022425651550293
904 14.026485443115234
905 13.953544616699219
906 13.975687026977539
907 14.0221529006958
908 14.000598907470703
909 14.022955894470215
910 14.02812385559082
911 14.015507698059082
912 14.00897216796875
913 14.024903297424316
914 14.002411842346191
915 13.99393081665039
916 13.99401569366455
917 14.03419017791748
918 14.034854888916016
919 14.055085182189941
920 14.069844245910645
921 14.06949520111084
922 14.07455062866211
923 14.072286605834961
924 14.08223819732666
925 14.044236183166504
926 14.04920482635498
927 14.061697959899902
928 14.07129192352295
929 14.125567436218262
930 14.119915962219238
931 14.08080005645752
932 14.105369567871094
933 14.093103408813477
934 14.112290382385254
935 14.127411842346191
936 14.080936431884766
937 14.044301986694336
938 14.095690727233887
939 14.087100982666016
940 14.08281135559082
941 14.085478782653809
942 14.075096130371094
943 14.120964050292969
944 14.163329124450684
945 14.136173248291016
946 14.148289680480957
947 14.164436340332031
948 14.14245891571045
949 14.211557388305664
950 14.195759773254395
951 14.202747344970703
952 14.255706787109375
953 14.25166130065918
954 14.251826286315918
955 14.24716567993164
956 14.226495742797852
957 14.188529014587402
958 14.23336410522461
959 14.255073547363281
960 14.270889282226562
961 14.266122817993164
962 14.273775100708008
963 14.260744094848633
964 14.27434253692627
965 14.24720287322998
966 14.249979972839355
967 14.239726066589355
968 14.22649097442627
969 14.20090389251709
970 14.248071670532227
971 14.252866744995117
972 14.26399040222168
973 14.255080223083496
974 14.224624633789062
975 14.190881729125977
976 14.217289924621582
977 14.252504348754883
978 14.234025001525879
979 14.240423202514648
980 14.255595207214355
981 14.249520301818848
982 14.214385986328125
983 14.265804290771484
984 14.291999816894531
985 14.288674354553223
986 14.29024887084961
987 14.288495063781738
988 14.325088500976562
989 14.339384078979492
990 14.319677352905273
991 14.314467430114746
992 14.295422554016113
993 14.307012557983398
994 14.338470458984375
995 14.327214241027832
996 14.333434104919434
997 14.351644515991211
998 14.343390464782715
999 14.335082054138184
1000 14.322993278503418
1001 14.380270957946777
1002 14.316893577575684
1003 14.350286483764648
1004 14.309720039367676
1005 14.307701110839844
1006 14.324880599975586
1007 14.292712211608887
1008 14.317359924316406
1009 14.283470153808594
1010 14.298188209533691

1 0.12234243750572205
2 0.12232904881238937
3 0.12232904881238937
4 0.12232904881238937
5 0.12232904881238937
6 0.12232904881238937
7 0.12232904881238937
8 0.12232904881238937
9 0.12232904881238937
10 0.12232904136180878
11 0.4240034818649292
12 0.6462060213088989
13 0.8124574422836304
14 1.0836125612258911
15 1.390734076499939
16 1.7092421054840088
17 1.9706779718399048
18 2.2342190742492676
19 2.392481565475464
20 2.5722951889038086
21 2.729384183883667
22 2.900477886199951
23 3.0078845024108887
24 3.151099681854248
25 3.337257146835327
26 3.5226190090179443
27 3.601030111312866
28 3.7282662391662598
29 3.869363784790039
30 4.104970932006836
31 4.22291898727417
32 4.32509708404541
33 4.347522258758545
34 4.479499340057373
35 4.7021098136901855
36 4.7029008865356445
37 4.780913829803467
38 4.881781101226807
39 4.737160682678223
40 4.841954708099365
41 4.904059410095215
42 5.060666084289551
43 5.238142967224121
44 5.355696678161621
45 5.433183193206787
46 5.512728214263916
47 5.5681986808776855
48 5.650883674621582
49 5.686531066894531
50 5.820819854736328
51 5.852453231811523
52 5.878479480743408
53 5.985221862792969
54 6.074843883514404
55 6.109004497528076
56 6.130214691162109
57 6.254169940948486
58 6.348348140716553
59 6.4344916343688965
60 6.480742454528809
61 6.592594623565674
62 6.578238010406494
63 6.611708641052246
64 6.6696648597717285
65 6.709707736968994
66 6.813948154449463
67 6.8647966384887695
68 6.919455051422119
69 7.058101177215576
70 7.142754554748535
71 7.1712493896484375
72 7.302979946136475
73 7.381560325622559
74 7.492443561553955
75 7.618105888366699
76 7.68264627456665
77 7.72408390045166
78 7.741133689880371
79 7.777914047241211
80 7.822615146636963
81 7.874582290649414
82 7.946437835693359
83 8.029690742492676
84 8.105509757995605
85 8.169967651367188
86 8.197993278503418
87 8.200559616088867
88 8.219332695007324
89 8.290197372436523
90 8.339390754699707
91 8.379547119140625
92 8.415165901184082
93 8.461308479309082
94 8.479684829711914
95 8.525055885314941
96 8.586255073547363
97 8.593646049499512
98 8.747758865356445
99 8.759739875793457
100 8.819742202758789
101 8.908804893493652
102 8.88321304321289
103 8.923261642456055
104 9.074831008911133
105 9.080894470214844
106 9.104951858520508
107 9.072955131530762
108 9.080829620361328
109 9.149081230163574
110 9.235079765319824
111 9.243946075439453
112 9.344619750976562
113 9.37163257598877
114 9.39440631866455
115 9.392966270446777
116 9.513497352600098
117 9.528484344482422
118 9.592145919799805
119 9.691329002380371
120 9.761838912963867
121 9.822762489318848
122 9.899624824523926
123 9.953121185302734
124 9.966115951538086
125 10.086944580078125
126 10.208870887756348
127 10.251663208007812
128 10.22288990020752
129 10.281689643859863
130 10.245478630065918
131 10.272015571594238
132 10.23354434967041
133 10.224649429321289
134 10.224491119384766
135 10.304471969604492
136 10.417458534240723
137 10.43550968170166
138 10.373771667480469
139 10.392814636230469
140 10.468355178833008
141 10.503475189208984
142 10.549100875854492
143 10.597634315490723
144 10.70174503326416
145 10.755221366882324
146 10.814972877502441
147 10.860074996948242
148 10.843978881835938
149 10.923952102661133
150 11.0311279296875
151 10.975893020629883
152 11.010406494140625
153 11.062748908996582
154 11.099736213684082
155 11.072796821594238
156 11.14681625366211
157 11.118892669677734
158 11.131562232971191
159 11.143484115600586
160 11.133681297302246
161 11.217162132263184
162 11.238123893737793
163 11.288909912109375
164 11.309494018554688
165 11.271952629089355
166 11.308084487915039
167 11.395872116088867
168 11.438340187072754
169 11.510300636291504
170 11.572854042053223
171 11.616402626037598
172 11.660368919372559
173 11.679502487182617
174 11.694751739501953
175 11.731246948242188
176 11.750700950622559
177 11.777912139892578
178 11.775577545166016
179 11.831511497497559
180 11.867887496948242
181 11.957856178283691
182 11.9713716506958
183 12.077359199523926
184 12.071436882019043
185 12.084095001220703
186 12.063883781433105
187 12.135384559631348
188 12.195296287536621
189 12.234289169311523
190 12.232832908630371
191 12.25224494934082
192 12.286744117736816
193 12.374164581298828
194 12.433835983276367
195 12.396798133850098
196 12.3794584274292
197 12.346050262451172
198 12.446599960327148
199 12.454593658447266
200 12.475703239440918
201 12.49022102355957
202 12.478292465209961
203 12.522218704223633
204 12.553491592407227
205 12.496706008911133
206 12.486536026000977
207 12.46914291381836
208 12.480839729309082
209 12.479829788208008
210 12.444836616516113
211 12.527368545532227
212 12.50341510772705
213 12.543054580688477
214 12.539775848388672
215 12.570481300354004
216 12.57892894744873
217 12.571094512939453
218 12.523785591125488
219 12.58044719696045
220 12.618429183959961
221 12.63786506652832
222 12.699552536010742
223 12.678001403808594
224 12.675019264221191
225 12.721752166748047
226 12.73755931854248
227 12.812095642089844
228 12.829773902893066
229 12.733824729919434
230 12.725296020507812
231 12.711799621582031
232 12.747814178466797
233 12.824017524719238
234 12.875955581665039
235 12.919522285461426
236 12.925972938537598
237 12.964788436889648
238 12.862421989440918
239 12.88911247253418
240 12.945616722106934
241 13.011090278625488
242 12.992669105529785
243 13.052867889404297
244 13.052179336547852
245 13.070843696594238
246 13.062854766845703
247 13.0238037109375
248 13.139505386352539
249 13.130757331848145
250 13.129633903503418
251 13.199420928955078
252 13.24245548248291
253 13.228453636169434
254 13.178691864013672
255 13.162461280822754
256 13.20142650604248
257 13.17815113067627
258 13.165273666381836
259 13.220200538635254
260 13.287395477294922
261 13.250920295715332
262 13.226451873779297
263 13.224540710449219
264 13.301152229309082
265 13.276998519897461
266 13.283011436462402
267 13.332974433898926
268 13.355167388916016
269 13.341124534606934
270 13.39699649810791
271 13.367114067077637
272 13.42684555053711
273 13.449878692626953
274 13.492205619812012
275 13.538436889648438
276 13.53877067565918
277 13.550863265991211
278 13.570168495178223
279 13.57055377960205
280 13.572894096374512
281 13.536956787109375
282 13.538450241088867
283 13.519948959350586
284 13.57109546661377
285 13.573708534240723
286 13.5718355178833
287 13.60165786743164
288 13.590352058410645
289 13.640253067016602
290 13.593718528747559
291 13.639982223510742
292 13.68535041809082
293 13.707450866699219
294 13.712908744812012
295 13.756916046142578
296 13.773611068725586
297 13.795045852661133
298 13.797134399414062
299 13.8313627243042
300 13.846752166748047
301 13.889412879943848
302 13.931279182434082
303 13.870511054992676
304 13.888883590698242
305 13.92054271697998
306 13.959015846252441
307 13.953874588012695
308 13.957657814025879
309 13.974292755126953
310 13.992361068725586
311 14.059735298156738
312 14.09857177734375
313 14.096372604370117
314 14.139315605163574
315 14.114248275756836
316 14.127059936523438
317 14.181568145751953
318 14.189434051513672
319 14.237601280212402
320 14.208209037780762
321 14.15804386138916
322 14.213703155517578
323 14.207297325134277
324 14.224853515625
325 14.222709655761719
326 14.221659660339355
327 14.244495391845703
328 14.231884002685547
329 14.228067398071289
330 14.22895336151123
331 14.261507034301758
332 14.321560859680176
333 14.324725151062012
334 14.269105911254883
335 14.344437599182129
336 14.36441707611084
337 14.406477928161621
338 14.404300689697266
339 14.379171371459961
340 14.36841869354248
341 14.3890380859375
342 14.389714241027832
343 14.404778480529785
344 14.398241996765137
345 14.40659236907959
346 14.40463924407959
347 14.422076225280762
348 14.371400833129883
349 14.366876602172852
350 14.392143249511719
351 14.374873161315918
352 14.309773445129395
353 14.311976432800293
354 14.319500923156738
355 14.289422988891602
356 14.301504135131836
357 14.299935340881348
358 14.259971618652344
359 14.31385326385498
360 14.379171371459961
361 14.345473289489746
362 14.322571754455566
363 14.327194213867188
364 14.333178520202637
365 14.376338958740234
366 14.360135078430176
367 14.347748756408691
368 14.379748344421387
369 14.352014541625977
370 14.391097068786621
371 14.411001205444336
372 14.419955253601074
373 14.43966007232666
374 14.469584465026855
375 14.492415428161621
376 14.471487045288086
377 14.513086318969727
378 14.548044204711914
379 14.566719055175781
380 14.564359664916992
381 14.524951934814453
382 14.565986633300781
383 14.6288480758667
384 14.609665870666504
385 14.661154747009277
386 14.658452033996582
387 14.723663330078125
388 14.765701293945312
389 14.729438781738281
390 14.694331169128418
391 14.7672700881958
392 14.753751754760742
393 14.768619537353516
394 14.78264331817627
395 14.780376434326172
396 14.826384544372559
397 14.816747665405273
398 14.867481231689453
399 14.867775917053223
400 14.904314041137695
401 14.929858207702637
402 14.862260818481445
403 14.863415718078613
404 14.891785621643066
405 14.89830207824707
406 14.921051025390625
407 14.947936058044434
408 14.912911415100098
409 14.97166633605957
410 14.994609832763672
411 14.9945068359375
412 15.047717094421387
413 15.073424339294434
414 15.121944427490234
415 15.102493286132812
416 15.11156940460205
417 15.110706329345703
418 15.163467407226562
419 15.1409330368042
420 15.155360221862793
421 15.1471529006958
422 15.193466186523438
423 15.148011207580566
424 15.13919448852539
425 15.202231407165527
426 15.249577522277832
427 15.247859001159668
428 15.267196655273438
429 15.259963035583496
430 15.230565071105957
431 15.217988967895508
432 15.231306076049805
433 15.213069915771484
434 15.22005558013916
435 15.244295120239258
436 15.256753921508789
437 15.250528335571289
438 15.252534866333008
439 15.22298812866211
440 15.264519691467285
441 15.270724296569824
442 15.317791938781738
443 15.375203132629395
444 15.423483848571777
445 15.352015495300293
446 15.39000129699707
447 15.320040702819824
448 15.3945951461792
449 15.420071601867676
450 15.401772499084473
451 15.431427001953125
452 15.438905715942383
453 15.413138389587402
454 15.452375411987305
455 15.49108600616455
456 15.498231887817383
457 15.51672077178955
458 15.594785690307617
459 15.516377449035645
460 15.549860000610352
461 15.560254096984863
462 15.56457233428955
463 15.527231216430664
464 15.508347511291504
465 15.50623607635498
466 15.511237144470215
467 15.493818283081055
468 15.49433422088623
469 15.526694297790527
470 15.494327545166016
471 15.496225357055664
472 15.469176292419434
473 15.479476928710938
474 15.417885780334473
475 15.452239036560059
476 15.479931831359863
477 15.441970825195312
478 15.423539161682129
479 15.390316009521484
480 15.488794326782227
481 15.458771705627441
482 15.480937004089355
483 15.478711128234863
484 15.492897987365723
485 15.524819374084473
486 15.526764869689941
487 15.53564167022705
488 15.570744514465332
489 15.56716537475586
490 15.600811958312988
491 15.608102798461914
492 15.638450622558594
493 15.653888702392578
494 15.645418167114258
495 15.588443756103516
496 15.624651908874512
497 15.6394624710083
498 15.618147850036621
499 15.62717056274414
500 15.617452621459961
501 15.557896614074707
502 15.635424613952637
503 15.667159080505371
504 15.643211364746094
505 15.619832992553711
506 15.631814956665039
507 15.588525772094727
508 15.63261890411377
509 15.589056968688965
510 15.61328411102295
511 15.659560203552246
512 15.663799285888672
513 15.632661819458008
514 15.595829010009766
515 15.602254867553711
516 15.608844757080078
517 15.598282814025879
518 15.627599716186523
519 15.647115707397461
520 15.713881492614746
521 15.77349853515625
522 15.733241081237793
523 15.73355484008789
524 15.74954891204834
525 15.730822563171387
526 15.773612022399902
527 15.79835319519043
528 15.808874130249023
529 15.780988693237305
530 15.78371810913086
531 15.79182243347168
532 15.74448013305664
533 15.742403030395508
534 15.771881103515625
535 15.833515167236328
536 15.831999778747559
537 15.830241203308105
538 15.81385612487793
539 15.822314262390137
540 15.888221740722656
541 15.934586524963379
542 15.96943187713623
543 15.952714920043945
544 15.95919132232666
545 15.957195281982422
546 15.944381713867188
547 15.976241111755371
548 15.948346138000488
549 16.01202964782715
550 16.068578720092773
551 16.121191024780273
552 16.176225662231445
553 16.09733772277832
554 16.079267501831055
555 16.088542938232422
556 16.0885009765625
557 16.090187072753906
558 16.07572364807129
559 16.047914505004883
560 16.03927230834961
561 16.06264305114746
562 16.078041076660156
563 16.08771324157715
564 16.04020118713379
565 16.03594398498535
566 16.087697982788086
567 15.998806953430176
568 16.017372131347656
569 15.990510940551758
570 16.00994873046875
571 16.004112243652344
572 16.052719116210938
573 16.030935287475586
574 16.051603317260742
575 16.03912353515625
576 16.07896614074707
577 16.131742477416992
578 16.089561462402344
579 16.06991195678711
580 16.10393524169922
581 16.116252899169922
582 16.109344482421875
583 16.145572662353516
584 16.155447006225586
585 16.22964859008789
586 16.212261199951172
587 16.168901443481445
588 16.139846801757812
589 16.12461280822754
590 16.097536087036133
591 16.092159271240234
592 16.09583854675293
593 16.099565505981445
594 16.14231300354004
595 16.162614822387695
596 16.171201705932617
597 16.176788330078125
598 16.226612091064453
599 16.158552169799805
600 16.108919143676758
601 16.16669464111328
602 16.13511085510254
603 16.155792236328125
604 16.16225814819336
605 16.181644439697266
606 16.190690994262695
607 16.18560791015625
608 16.222652435302734
609 16.195661544799805
610 16.18374252319336
611 16.163986206054688
612 16.211381912231445
613 16.202571868896484
614 16.2281494140625
615 16.229122161865234
616 16.182483673095703
617 16.188798904418945
618 16.139936447143555
619 16.140777587890625
620 16.159685134887695
621 16.122943878173828
622 16.165498733520508
623 16.20146369934082
624 16.179473876953125
625 16.163846969604492
626 16.19432830810547
627 16.241554260253906
628 16.222084045410156
629 16.213163375854492
630 16.24982261657715
631 16.269296646118164
632 16.2670841217041
633 16.273603439331055
634 16.24573516845703
635 16.308134078979492
636 16.32093048095703
637 16.360469818115234
638 16.34545135498047
639 16.32871437072754
640 16.24477195739746
641 16.28348731994629
642 16.28658103942871
643 16.25807762145996
644 16.32483673095703
645 16.322811126708984
646 16.32360076904297
647 16.322389602661133
648 16.320159912109375
649 16.28392219543457
650 16.34401512145996
651 16.33945083618164
652 16.311161041259766
653 16.33951759338379
654 16.355327606201172
655 16.347000122070312
656 16.376497268676758
657 16.354408264160156
658 16.361324310302734
659 16.335285186767578
660 16.403318405151367
661 16.421348571777344
662 16.451683044433594
663 16.47738265991211
664 16.465242385864258
665 16.496023178100586
666 16.513093948364258
667 16.512218475341797
668 16.472766876220703
669 16.542675018310547
670 16.572826385498047
671 16.55879020690918
672 16.606937408447266
673 16.577495574951172
674 16.571626663208008
675 16.56521224975586
676 16.539987564086914
677 16.54291343688965
678 16.572710037231445
679 16.53191375732422
680 16.516307830810547
681 16.507192611694336
682 16.515277862548828
683 16.51658821105957
684 16.49016571044922
685 16.578880310058594
686 16.59284210205078
687 16.599834442138672
688 16.563383102416992
689 16.553863525390625
690 16.548521041870117
691 16.54404067993164
692 16.571365356445312
693 16.537145614624023
694 16.554092407226562
695 16.573720932006836
696 16.58800506591797
697 16.60872459411621
698 16.582855224609375
699 16.581279754638672
700 16.573444366455078
701 16.5684871673584
702 16.60715103149414
703 16.595300674438477
704 16.602157592773438
705 16.527925491333008
706 16.56663703918457
707 16.577653884887695
708 16.554407119750977
709 16.611906051635742
710 16.597875595092773
711 16.65732192993164
712 16.65856170654297
713 16.651504516601562
714 16.65119171142578
715 16.639909744262695
716 16.67061996459961
717 16.696508407592773
718 16.731006622314453
719 16.756006240844727
720 16.731847763061523
721 16.7602481842041
722 16.72395896911621
723 16.727697372436523
724 16.759790420532227
725 16.703493118286133
726 16.690004348754883
727 16.67180061340332
728 16.68136215209961
729 16.646305084228516
730 16.686752319335938
731 16.617813110351562
732 16.638572692871094
733 16.647777557373047
734 16.618316650390625
735 16.62406349182129
736 16.634469985961914
737 16.57341194152832
738 16.59358787536621
739 16.671661376953125
740 16.6887149810791
741 16.666349411010742
742 16.66347312927246
743 16.65651512145996
744 16.651371002197266
745 16.63492774963379
746 16.696224212646484
747 16.7069091796875
748 16.702983856201172
749 16.7268009185791
750 16.66851806640625
751 16.682958602905273
752 16.75954246520996
753 16.73802375793457
754 16.741567611694336
755 16.755643844604492
756 16.73277473449707
757 16.76723289489746
758 16.771282196044922
759 16.78557014465332
760 16.758197784423828
761 16.774080276489258
762 16.75918960571289
763 16.75455665588379
764 16.764156341552734
765 16.735403060913086
766 16.767240524291992
767 16.76961898803711
768 16.773088455200195
769 16.81597900390625
770 16.785526275634766
771 16.809751510620117
772 16.81366729736328
773 16.832687377929688
774 16.787322998046875
775 16.726736068725586
776 16.72227668762207
777 16.682025909423828
778 16.638513565063477
779 16.632408142089844
780 16.64881134033203
781 16.669588088989258
782 16.605146408081055
783 16.64501953125
784 16.62152671813965
785 16.65578269958496
786 16.625078201293945
787 16.638341903686523
788 16.616228103637695
789 16.591726303100586
790 16.596668243408203
791 16.595565795898438
792 16.57897186279297
793 16.569839477539062
794 16.597366333007812
795 16.578901290893555
796 16.589204788208008
797 16.629863739013672
798 16.643922805786133
799 16.68161392211914
800 16.64651107788086
801 16.60384178161621
802 16.590787887573242
803 16.585474014282227
804 16.611238479614258
805 16.714813232421875
806 16.686796188354492
807 16.698949813842773
808 16.696470260620117
809 16.671140670776367
810 16.709413528442383
811 16.672212600708008
812 16.74703025817871
813 16.720766067504883
814 16.752933502197266
815 16.689258575439453
816 16.720165252685547
817 16.729467391967773
818 16.706554412841797
819 16.705730438232422
820 16.706857681274414
821 16.692598342895508
822 16.71774673461914
823 16.704368591308594
824 16.751750946044922
825 16.725242614746094
826 16.756006240844727
827 16.760984420776367
828 16.760883331298828
829 16.82077407836914
830 16.79568099975586
831 16.814599990844727
832 16.786134719848633
833 16.827682495117188
834 16.856243133544922
835 16.85251235961914
836 16.830095291137695
837 16.816530227661133
838 16.85147476196289
839 16.860225677490234
840 16.863605499267578
841 16.858503341674805
842 16.854829788208008
843 16.888790130615234
844 16.8387393951416
845 16.848413467407227
846 16.869474411010742
847 16.87189292907715
848 16.87102699279785
849 16.81633186340332
850 16.83051300048828
851 16.813066482543945
852 16.826974868774414
853 16.872316360473633
854 16.837007522583008
855 16.88471221923828
856 16.92856788635254
857 16.887805938720703
858 16.856060028076172
859 16.843765258789062
860 16.83565902709961
861 16.802751541137695
862 16.801076889038086
863 16.830690383911133
864 16.777868270874023
865 16.849515914916992
866 16.86566162109375
867 16.888120651245117
868 16.871810913085938
869 16.898483276367188
870 16.858844757080078
871 16.853046417236328
872 16.82212257385254
873 16.89858055114746
874 16.847076416015625
875 16.844066619873047
876 16.850004196166992
877 16.892841339111328
878 16.88694190979004
879 16.934324264526367
880 16.923076629638672
881 16.95146942138672
882 16.964107513427734
883 16.93058967590332
884 16.938125610351562
885 16.919431686401367
886 16.86598014831543
887 16.926403045654297
888 16.916650772094727
889 16.935941696166992
890 16.908143997192383
891 17.005569458007812
892 16.99791145324707
893 16.963443756103516
894 16.928125381469727
895 16.980100631713867
896 16.995771408081055
897 16.956403732299805
898 16.994361877441406
899 16.973918914794922
900 17.00087547302246
901 16.981792449951172
902 17.0049991607666
903 17.028169631958008
904 16.999807357788086
905 16.95831871032715
906 17.010957717895508
907 16.982175827026367
908 16.936662673950195
909 16.946025848388672
910 17.040353775024414
911 17.004255294799805
912 17.05892562866211
913 17.08277130126953
914 17.06678009033203
915 17.08907699584961
916 17.05828094482422
917 17.090728759765625
918 17.106033325195312
919 17.111560821533203
920 17.0897216796875
921 17.07313346862793
922 17.12487030029297
923 17.088951110839844
924 17.084918975830078
925 17.063255310058594
926 17.016746520996094
927 17.052541732788086
928 17.048572540283203
929 17.115039825439453
930 17.137226104736328
931 17.100522994995117
932 17.060646057128906
933 17.059978485107422
934 17.101476669311523
935 17.116558074951172
936 17.181804656982422
937 17.163536071777344
938 17.189064025878906
939 17.181137084960938
940 17.197805404663086
941 17.227310180664062
942 17.242387771606445
943 17.251359939575195
944 17.29930305480957
945 17.296968460083008
946 17.270917892456055
947 17.25037956237793
948 17.172807693481445
949 17.193790435791016
950 17.160985946655273
951 17.239702224731445
952 17.21892547607422
953 17.214523315429688
954 17.24077796936035
955 17.23004913330078
956 17.221847534179688
957 17.21885108947754
958 17.262968063354492
959 17.280786514282227
960 17.293312072753906
961 17.258974075317383
962 17.28114128112793
963 17.25641632080078
964 17.233545303344727
965 17.211929321289062
966 17.23261070251465
967 17.246023178100586
968 17.272409439086914
969 17.25063133239746
970 17.231462478637695
971 17.27155876159668
972 17.275232315063477
973 17.266489028930664
974 17.27395248413086
975 17.297080993652344
976 17.235496520996094
977 17.30887794494629
978 17.249998092651367
979 17.311731338500977
980 17.273712158203125
981 17.293596267700195
982 17.3311824798584
983 17.338193893432617
984 17.367687225341797
985 17.30402183532715
986 17.30791473388672
987 17.317214965820312
988 17.329992294311523
989 17.300771713256836
990 17.299877166748047
991 17.315807342529297
992 17.360383987426758
993 17.31998634338379
994 17.34847068786621
995 17.32032585144043
996 17.289907455444336
997 17.361106872558594
998 17.33713150024414
999 17.372987747192383
1000 17.381916046142578
1001 17.317880630493164
1002 17.363414764404297
1003 17.354534149169922
1004 17.317350387573242
1005 17.327566146850586
1006 17.26177215576172
1007 17.244001388549805
1008 17.261919021606445
1009 17.254453659057617
1010 17.221843719482422
